Samples	Myc1	Myc2	Myc3	Myc4	Myc5	Myc6	Myc7	Ras1	Ras2	Ras3	Ras4	Ras5	Ras6	Ras7
Factors	MYC+ tumor	MYC+ tumor	MYC+ tumor	MYC+ tumor	MYC+ tumor	MYC+ tumor	MYC+ tumor	RAS+ tumor	RAS+ tumor	RAS+ tumor	RAS+ tumor	RAS+ tumor	RAS+ tumor	RAS+ tumor
HMDB07098	0.775782	1.151524	1.028495	0.490112	0.75588	0.94208	0.935791	0.299527	0.555918	0.456788	0.270926	0.470262	0.730289	0.270926
HMDB01882	1.121059	0.7505	1.011445	0.706565	0.988555	0.36673	0.560478	0.213087	0.473962	0.581143	0.817537	0.738754	1.14805	0.560137
HMDB0056009	1.052503	1.142337	0.792024	0.520954	0.904881	0.292183	1.358924	0.190608	0.370591	0.416272	0.582488	0.915326	0.947497	0.377632
HMDB02712	0.861472	0.996114	1.290906	0.708951	1.349073	1.358845	1.609125	1.753674	1.111694	1.329726	0.874493	2.085743	0.87214	1.764378
HMDB10395	0.3641	1.658346	0.800793	0.756638	1.46984	0.341455	0.995014	0.372168	0.479309	0.622815	0.341455	0.744685	0.341455	0.724006
HMDB11517	0.982044	1.454106	1.190437	1.148191	1.072141	2.163868	0.741213	0.340705	0.386977	0.340705	0.955118	0.340705	2.080043	1.057046
HMDB0061690	0.994141	1.944039	1.703585	2.093348	1.560578	1.291334	1.301591	0.119457	0.363546	0.188074	0.404054	0.423358	0.522666	0.304942
HMDB0010392	1.099325	1.571258	1.330367	0.867997	2.297466	0.684342	2.121877	0.210636	0.350438	0.655229	0.359126	0.210636	0.58305	0.336611
HMDB0010386	0.368837	1.256415	1.097586	0.610666	2.341406	0.391211	1	0.50225	0.787633	1.163476	0.67338	1.028243	0.988214	0.578453
HMDB11507	0.888241	1.178734	0.883115	1.039438	1.672283	2.228375	0.63362	0.452064	0.477462	0.452064	0.452064	0.452064	1.015315	0.452064
HMDB02820	0.541469	0.793032	0.824007	0.550427	0.541469	0.541469	0.772313	16.547951	16.531927	0.541469	7.663668	0.541469	0.849975	0.541469
HMDB10379	1.493676	1.355553	2.273954	0.874839	1.609449	0.639693	0.697807	0.997285	0.876005	0.368969	1.186051	1.738661	0.942406	0.804903
HMDB02350	1.104573	0.552824	1.157003	0.830516	0.999329	1.192023	1.316015	0.841216	0.94853	0.441286	0.666239	0.788892	1.000671	0.859029
HMDB11567	0.969795	0.869462	1.39386	1.454696	1.358371	1.447877	1.398529	0.79857	0.311061	0.333896	0.126773	0.392505	0.643537	0.512563
HMDB02815	3.798649	1.184979	1.802432	0.612958	1.769084	0.509559	1.080311	0.378113	0.642152	1.266075	0.970228	2.248019	0.737753	0.307327
HMDB11506	1.847099	1.604973	1.69381	1.274498	1.909276	1.4549	0.743944	0.136437	0.247811	0.148162	0.557863	0.258228	0.539798	0.338957
HMDB0061693	3.892346	1.356916	3.869493	2.188858	2.862369	1.274174	1.158598	0.222604	0.506216	0.222604	0.737864	0.884744	0.222604	0.222604
HMDB0010383	1.676099	1.239212	1.466784	0.97914	2.054971	0.428768	0.88163	0.449219	0.533707	0.814086	0.698424	1.494054	0.610147	0.352973
HMDB0011564	0.618547	0.673873	0.802119	0.638292	0.718577	0.992334	1.351197	0.673154	0.541681	0.538632	0.448004	0.562968	0.79528	0.641278
HMDB0010382	2.037875	1.467309	0.454659	0.333723	0.861786	0.532687	1.319887	0.971632	0.935214	1.808969	0.704439	2.090863	0.84473	0.480948
HMDB11503	0.794192	1.482125	0.55209	0.682759	1.005544	0.908425	0.443468	0.383399	0.571821	0.536208	1.275347	0.30323	1.510361	1.014906
HMDB0061695	1.084718	0.677959	0.74171	0.612992	0.57864	0.481617	0.620798	0.525129	0.665015	0.702017	1.067668	1.269057	0.392396	0.378
HMDB0011131	0.546232	0.809688	0.854977	0.77211	0.972143	0.840021	1.248433	0.730989	0.775717	0.884523	0.543108	0.737441	0.925538	0.716659
HMDB0010384	0.772524	0.758591	0.888079	0.548416	1.069616	0.05393	0.099842	1.085495	1.661607	1.525844	1.418934	0.842023	1.130231	0.930384
HMDB11130	1.117957	1.221209	1.381178	0.966026	1.870727	0.07604	0.213789	0.5054	1.033974	0.794733	1.173604	0.340537	0.596036	0.470949
HMDB0240261	1.137001	1.068667	1.201372	0.62107	1.068296	0.557552	0.620857	0.28952	0.771634	0.503442	0.646612	0.657874	0.350169	0.391938
HMDB0060038	0.911196	1.288008	1.134237	1.041544	1.097854	0.922261	0.814475	0.605146	0.617312	0.751546	0.615009	0.612074	0.817992	0.801926
HMDB0013622	0.875533	1.318075	1.285874	1.005952	1.381951	0.999133	0.797202	0.77106	0.848298	0.523033	0.660248	0.386806	1.000867	1.074005
HMDB00400	0.190777	0.429191	0.190777	0.190777	0.190777	0.190777	0.190777	0.190777	0.647587	0.203599	0.22386	0.190777	0.216611	0.190777
HMDB0004667	1.410924	1.393556	1.146103	1.102556	1.638919	0.954499	0.883813	0.759536	0.469065	0.83976	0.383758	0.421544	0.179916	0.422434
HMDB02110	2.296081	0.901204	1.150107	1.787639	0.197301	1.424491	1.165832	0.197301	1.439675	0.197301	0.304302	0.600934	0.197301	0.702608
HMDB00014	4.905012	3.279452	2.97263	3.934728	2.194169	3.421231	4.576987	0.609915	0.503375	0.55492	0.728125	1	0.676583	0.998543
HMDB00085	1.05832	1.823012	1.220095	2.298063	0.495234	1.903366	2.011922	0.495234	0.495234	0.713347	0.495234	0.495234	0.495234	0.78106
HMDB00071	1.411709	1.174227	1.346624	1.402413	1.130342	1	0.934915	0.47348	0.47348	0.47348	0.47348	0.47348	0.47348	0.47348
HMDB01294	0.83016	0.83016	0.83016	0.83016	0.83016	0.83016	0.83016	0.83016	0.83016	0.83016	0.83016	0.83016	0.83016	1
HMDB00510	1.449732	1.755589	1.577714	1.611134	0.61711	2.218746	2.331806	0.291654	0.398554	0.291654	0.528772	1.005528	0.613436	0.509343
HMDB00650	1.126309	2.831384	1.9106	1.284831	1.576554	1.525517	3.633752	0.613886	0.982007	2.350969	0.330118	0.312135	1.01179	0.98821
HMDB03224	0.240775	0.371919	0.240775	0.240775	0.282438	0.240775	0.240775	0.240775	0.326433	0.240775	0.240775	0.314414	0.493889	0.240775
HMDB00008	0.919899	1.41493	2.203917	1.246322	1.836816	0.965719	1.645271	2.22487	2.16359	2.390051	0.844538	0.576214	0.569213	0.585707
HMDB00606	1.039594	1.494862	1.771136	1.566525	0.960406	4.695224	1.817421	0.780258	0.622167	0.489901	0.699975	0.559614	1.040924	0.824887
HMDB00729	1.332832	1.452351	0.455375	1.497431	1.227711	0.884833	1	2.796551	0.455375	0.944726	3.004639	1.553745	0.455375	0.69141
HMDB0031057	0.608902	0.750163	0.445905	1.034814	0.488832	0.490593	0.445905	1.860532	0.446042	1.236112	1.132246	3.503717	1.406257	1.709387
HMDB00378	1.076405	2.251331	1.21294	0.986374	1.110155	0.594582	1.279629	0.631826	1.970642	0.733264	0.968503	1.154991	0.646891	0.811444
HMDB0011537	0.69816	0.69816	0.69816	0.69816	1.306999	1.396759	1.245161	0.69816	0.69816	0.69816	0.69816	0.737204	0.719882	0.69816
HMDB0008927	0.954297	1.588005	0.991215	0.639517	1.707179	2.504242	0.445762	0.213368	0.213368	0.213368	0.586103	0.213368	1.112545	1.110318
HMDB0011533	0.834056	0.582711	1	0.82447	0.582711	0.582711	1.315158	0.699426	0.594826	0.582711	0.582711	0.582711	0.582711	0.614594
HMDB0240262	1.13862	1.772824	0.680423	0.516235	1.92054	0.943958	1.753481	1.012858	0.362895	1.683306	0.301281	2.784614	1.173216	0.728322
HMDB03391	0.491051	0.379571	0.715785	0.840071	0.379571	0.379571	0.379571	0.379571	0.379571	0.379571	0.807437	0.379571	0.379571	1.028545
HMDB0011128	2.092625	1.525671	1.748761	0.403641	0.939532	0.373601	0.247729	0.942802	3.286851	4.115901	2.361928	2.152075	0.93505	0.881776
HMDB00755	0.50637	0.50637	0.50637	0.50637	0.50637	0.50637	0.581172	4.688411	8.055849	0.50637	1.68146	0.50637	0.554801	0.747375
HMDB03911	1.946046	2.859258	2.754287	2.100292	3.172169	1.167669	2.484351	0.506556	1.567047	0.431642	0.96197	0.500018	0.53223	0.323154
HMDB12154	2.620562	3.236032	2.930636	2.984767	2.715568	1.035505	1.020412	2.060396	1.917316	1.515288	1.016941	0.772888	0.530715	0.469139
HMDB00357	0.388578	6.589745	1.679837	0.638865	0.663516	1.707883	2.099857	13.568389	4.653374	2.004291	1.049781	0.803473	0.651583	0.581224
HMDB03736	0.774811	0.774811	0.774811	0.774811	0.774811	0.774811	0.774811	0.921248	0.774811	1.30188	0.774811	0.774811	1.584082	1.105449
HMDB00807	1.0646	0.962184	1.171489	1.430091	1.016223	0.432529	0.776252	0.621144	0.56942	1.063987	0.555951	0.807044	1.334497	0.983777
HMDB00026	0.482577	0.480833	0.836305	0.590462	0.776887	0.224916	0.224916	1.112652	4.158335	2.282676	0.224916	0.866964	3.578108	1.986972
HMDB03464	0.986743	0.537294	1.68892	1.503695	2.099222	0.975098	0.829924	0.261317	0.555369	0.345752	2.709548	1.063433	0.965696	0.2913
HMDB00695	0.406601	0.657691	0.380923	0.380923	0.380923	0.380923	0.380923	0.746333	0.380923	1.622737	0.754058	0.803938	1.850958	1.068259
HMDB03355	2.901329	1.875159	2.284774	2.105606	2.456542	1.143784	0.876982	0.400695	0.410853	0.43189	0.895795	1.112766	0.399811	0.46774
HMDB01396	0.588105	1.060702	0.713447	0.563752	0.654304	0.563752	1	0.563752	0.563752	0.563752	0.563752	0.563752	1.07464	0.563752
HMDB01173	2.345088	1.750753	2.011277	2.07835	1.86229	2.391721	2.800466	0.267554	0.408545	0.77729	0.437261	0.368746	0.98727	0.640406
HMDB00884	0.920679	1.236516	1.075401	1.049281	1	0.611003	1.288003	0.611003	0.611003	0.611003	0.611003	0.611003	0.611003	0.611003
HMDB00267	3.035625	2.458179	1.413441	1.899615	1.803554	3.189807	3.70861	0.699411	0.75612	0.887471	0.523901	0.420289	0.751125	0.738704
HMDB00811	0.573076	0.573076	0.573076	0.573076	0.573076	0.573076	0.573076	0.573076	0.573076	0.573076	0.573076	0.573076	0.573076	0.573076
HMDB01316	1.129891	1.057675	1.413247	1.219728	1.422041	0.736803	0.904832	0.495686	0.580704	0.868587	0.812527	0.775612	0.990653	0.648605
HMDB01496	1.795182	0.96394	0.885437	1.284063	1.002216	0.83236	0.781884	0.393588	1	1.3871	0.640071	0.682228	0.34942	0.34942
HMDB06119	2.583339	1.161472	1.601762	2.178788	1.627301	1.280088	0.6371	0.641841	0.730672	0.9346	0.922859	0.704397	0.183864	0.331214
HMDB02341	1	1	1	1	1	1	1	1	1	1	1	1	1	1
HMDB00201	2.373971	1.930723	2.870853	3.58835	2.425322	2.910177	2.366976	1.550906	1.319161	1.037215	1.943627	0.518798	0.962786	1.285453
HMDB01494	1.105136	0.86701	0.970126	0.835177	1.06533	0.769931	0.684467	0.641367	1.190892	0.893123	2.022185	0.832496	0.669865	0.810489
HMDB00034	2.012482	1.022598	1.66396	1.707604	1.395388	1.748886	2.261123	0.151704	0.449512	0.847472	0.474908	0.394933	0.977402	0.563343
HMDB00050	0.464488	0.663955	0.592173	0.56804	0.749618	0.703558	0.499024	0.56888	0.726263	0.626498	0.890398	0.687948	1.285424	0.888023
HMDB11617	0.128037	0.354943	0.270759	0.343703	0.411647	0.490927	0.379298	0.351494	0.715154	0.672127	1.112294	0.861392	1.157214	0.662381
HMDB00061	0.328117	0.328117	0.328117	0.328117	0.328117	0.328117	0.328117	0.378096	0.445969	0.439799	0.71488	0.553176	0.771678	0.328117
HMDB03540	0.489919	0.805373	0.367843	1.242878	0.52156	0.827576	0.721228	1.288444	1.04848	0.643595	1.715715	1.653732	1.401459	1.266773
HMDB00045	0.395376	0.384608	0.468297	0.436568	0.624032	0.992447	0.95588	0.301838	0.592237	0.459976	0.576834	0.361248	2.175258	0.297717
HMDB00536	1	1	1	1	1	1	1	1	1	1	1	1	1	1
HMDB02226	0.836907	1.06944	0.911561	0.918888	0.591318	1.1712	0.861372	0.491734	0.97429	0.357739	1.602868	1.81328	1.753252	2.856707
HMDB00161	0.800238	0.805665	0.844564	0.715572	0.730426	0.888078	1.150767	0.474402	0.892416	0.653993	0.620348	0.54753	0.879525	0.658378
HMDB00462	0.451321	0.732703	0.430034	0.719583	0.491902	0.559947	0.767448	2.657441	2.977899	0.587974	1.425305	1.054581	0.894814	0.679385
HMDB04041	0.943428	1.344508	1.152912	0.311463	0.311463	0.749149	1.004024	0.311463	0.972895	0.345108	0.311463	0.311463	0.311463	0.311463
HMDB00407	0.987585	1.278004	0.772976	1.236363	0.656434	1.652475	1.669078	2.621812	3.708139	0.783751	3.76335	0.633143	0.391262	0.501858
HMDB00208	0.378606	0.378606	0.378606	0.378606	0.378606	0.378606	0.378606	0.581161	0.378606	1.402509	0.378606	0.43517	3.430805	1.154229
HMDB01893	0.376995	0.376995	0.990953	1.009047	0.520993	0.376995	0.688276	0.376995	0.376995	0.376995	0.376995	0.376995	1.081639	0.689455
HMDB01851	1.107002	0.661361	0.661361	0.901477	0.661361	0.661361	1.318853	7.547362	5.938304	0.661361	4.311844	0.661361	1	0.895656
HMDB00539	1.498635	0.587842	0.795572	2.135848	0.976278	1.076015	1.008437	9.020627	5.608991	0.432435	2.361567	0.432435	0.904393	0.58642
HMDB02212	0.906269	0.674232	1.085683	0.810317	1.019532	0.595322	0.928461	1.287431	1.100677	0.81101	0.539975	0.551126	0.828241	1
HMDB01043	1.062979	1.108833	1.040074	1.151275	0.918368	0.89567	0.842628	0.47131	0.85534	0.240934	0.867257	1.00393	1.113468	1.203132
HMDB00517	0.731752	1.042898	1.235194	1.200493	1.05183	1.642063	1.591711	1.42552	1.181505	1.430763	1.169471	1.399244	1.33327	1.387175
HMDB00044	2.875963	3.370534	4.738949	6.34537	1.733724	13.341545	13.465601	0.040982	0.166559	0.011005	0.164178	0.011005	2.654942	0.218292
HMDB00168	1.691263	1.740636	2.292233	1.802223	0.795565	2.796704	3.905325	0.492094	0.746678	0.447743	0.247537	0.689702	1.443084	0.643668
HMDB00191	1.595806	1.510134	1.662662	1.651842	1.407426	1.172112	1.252548	0.333309	0.426461	0.7066	0.488475	0.755294	1.117098	0.896432
HMDB00784	1.319584	0.824506	0.694093	0.591091	0.802478	0.55742	0.559332	1.522084	1.019749	1.236564	0.712886	0.801357	0.686414	0.533193
HMDB00056	0.863863	1.455568	0.584076	0.761094	0.795226	0.724507	0.7764	0.63021	2.416344	1.034305	2.059717	0.796771	0.33055	0.763656
HMDB01352	0.15201	0.15201	0.331329	0.15201	0.353852	0.15201	0.15201	0.15201	0.15201	0.15201	0.15201	0.562765	0.15201	0.15201
HMDB00415	0.035338	0.81013	0.042267	0.027833	0.141239	0.063611	0.166257	0.039106	1.352902	0.230539	0.619699	0.091119	0.680095	0.081354
HMDB00852	0.718594	0.999052	0.598553	0.841036	0.598553	1.333039	0.942029	1.019028	0.898838	0.598553	0.598553	0.598553	1.963681	1.551735
HMDB00043	0.997862	1.379108	1.563124	1.282266	1.555826	0.747311	0.86183	0.424585	0.436314	0.238562	0.490798	0.671138	0.365096	0.367057
HMDB01252	0.330489	0.788763	0.800587	0.707853	1.592369	0.173228	0.173228	0.173228	0.173228	0.397603	0.173228	1.040083	1	0.380162
HMDB00468	0.32705	0.739088	0.522358	0.32705	0.700949	0.484642	0.445725	0.803017	0.996336	0.973435	1.251648	1.022047	1.072832	1.047485
HMDB0240296	1.046835	1.215191	0.924582	1.066073	0.899645	1.014619	1.156363	1.050609	0.96094	0.688144	1.071089	1.478233	0.985381	1.016403
HMDB02869	0.754344	0.824802	0.675387	0.534165	1.621761	0.697345	1.499699	1.16054	0.892862	1.631391	0.408718	1.174201	1.361088	1.035579
HMDB00535	0.325871	0.260164	0.535501	0.384278	0.603936	0.545671	0.322433	1.546931	1.389278	2.630141	1.339654	1.640662	0.36059	1.336953
HMDB00062	1.835681	1.508246	1.863427	1.858296	1.634539	1.652926	1.875673	0.50514	0.852581	0.525852	0.780779	0.592369	0.762646	0.618936
HMDB0000957	0.981517	0.720256	0.818964	0.720256	0.720256	1.007178	0.720256	0.720256	1.476182	0.720256	3.646306	4.23721	1.432069	1.593784
HMDB00518	0.217176	0.217176	0.217176	0.217176	0.217176	0.217176	0.217176	0.217176	0.217176	0.217176	0.217176	0.217176	0.217176	0.217176
HMDB00619	0.210578	0.554839	0.210578	0.281695	0.210578	0.210578	0.210578	0.210578	0.380298	0.210578	0.241574	0.210578	0.778929	0.836401
HMDB00067	1.192418	0.986999	1.139643	1.195122	0.98445	1.256634	1.169957	0.995941	1.004059	0.803392	0.921978	0.973767	1.037356	1.033113
HMDB00097	0.776251	0.934236	1.00981	1.111972	1.01111	0.579934	0.569722	0.836708	0.839232	0.915926	1.146309	1.340615	1.024454	1.222253
HMDB01565	0.30123	0.358409	0.474896	0.413881	0.563767	0.226216	0.272146	2.464831	3.036587	2.08121	3.517488	1.745548	1.999465	1.64211
HMDB00072	0.687105	1.082479	0.5956	1.093179	0.878731	1.823035	0.735226	4.006261	2.126632	1.127576	1.547643	0.513345	1.254552	0.977974
HMDB00094	0.737071	1.281942	0.829972	1.291035	0.848221	2.336688	0.717524	10.668195	3.321581	1.667402	1.836243	0.443846	1.528865	1.300406
HMDB00904	0.827799	0.88964	0.483934	0.689055	0.525156	0.465904	0.347229	1.44966	1.562065	1.061611	1.810575	2.498361	1.234544	1.43502
HMDB01547	0.335965	0.335965	1.25202	0.335965	0.978946	0.796554	0.833319	1.200801	1.752715	0.535865	1.32326	0.61703	0.335965	0.478261
HMDB00064	1.163006	0.992432	1.082639	0.926644	0.992576	1.226464	1.243715	2.154686	2.300131	1.459085	1.718051	1.608629	1.546013	1.992057
HMDB00574	0.992	1.150622	1.300145	1.302315	1.008	1.307534	1.636195	0.696101	1.038433	0.591479	0.553271	0.693597	0.309344	0.920432
HMDB00656	0.027028	0.039127	0.02156	0.025378	0.0236	0.031128	0.043336	1.066149	1.632094	0.815568	1.054981	1.02954	0.410872	1.377633
HMDB00089	4.312325	2.047065	3.268099	3.216272	2.555333	2.869075	2.743923	0.791061	0.918282	1.175389	1.241481	0.685657	0.706783	2.20042
HMDB01413	1.368606	1.507851	1.882696	1.770822	1.702554	1.134699	2.34698	0.2728	0.742066	0.555826	0.554509	0.160938	0.725648	0.144529
HMDB00095	1.594339	1.295651	0.812522	1.492165	0.782181	1.993771	2.123008	0.82521	0.479734	1.013956	0.900688	0.520681	1.586997	0.751278
HMDB01564	2.066362	1.432556	1.007284	1.424428	1.143554	2.474727	2.542788	0.321882	0.648505	0.64859	0.448003	0.321882	0.66725	0.321882
HMDB00630	5.440647	2.08475	1.209625	2.72635	1.341061	2.636636	1.882095	0.201017	0.801989	0.848159	1.881263	0.201017	0.608742	1.017778
HMDB03312	0.476878	0.476878	0.476878	0.476878	0.476878	0.476878	0.476878	0.476878	0.476878	0.476878	2.000115	0.476878	0.476878	0.538818
HMDB01264	1.73458	1	1.446191	1.838023	1.006705	0.715205	0.590113	0.590113	0.618777	0.590113	0.590113	0.590113	2.002084	0.959888
HMDB01161	1.710132	0.74102	2.175376	1.842504	1.864619	2.086652	1.776513	1.781834	2.269344	0.940512	2.829342	0.682038	0.732222	0.870326
HMDB0005060	0.875686	1.029643	1.359443	0.98974	1.037831	1.01026	0.788308	1.043026	1.13725	0.61277	1.076712	0.601793	0.890119	1.660099
HMDB02925	0.741354	1.243555	1.571226	1.459404	1.099782	1.510109	0.795211	0.608043	0.900218	0.41374	0.65185	0.654412	1.18553	1.245693
HMDB00038	1.229632	0.756348	1	1.967983	0.359265	1.588063	1.810865	0.359265	0.359265	0.359265	0.359265	0.359265	0.359265	0.359265
HMDB01473	0.366465	0.366465	0.366465	0.55064	1.686176	0.366465	0.366465	0.616901	0.366465	1	0.366465	0.366465	3.836944	0.366465
HMDB01539	1.187779	1.70797	1.029375	1.136624	0.94142	2.086644	1.993111	0.395184	0.732406	0.783936	0.536504	0.970625	1.168492	0.77021
HMDB00092	0.232632	0.856237	0.962576	0.78843	1.019793	0.412893	0.558663	0.678918	1.226335	0.413954	0.774958	0.980207	0.682787	0.550682
HMDB02183	0.622965	1.386527	0.720164	0.631849	0.855691	0.869637	0.853543	0.376441	0.989712	0.154824	0.996883	0.711182	1.43357	1.285445
HMDB01976	0.157213	0.726061	0.190356	0.13009	0.334983	0.455394	0.407498	0.541624	1.005967	0.237194	1.829682	1.006994	1.573672	1.878587
HMDB02823	1.730915	0.829005	2.352257	1.241677	1.172463	2.201462	1.320805	0.336571	0.606283	0.336571	0.336571	0.336571	1.225261	1.14046
HMDB01999	0.376148	0.86506	0.568493	0.546987	1.028838	0.67205	0.575647	0.24703	0.495287	0.17839	1.049543	0.852882	0.971162	0.899199
HMDB02231	0.950822	1.010882	1.304112	0.989118	1.104076	0.911598	0.775931	1.036115	1.018346	0.756708	0.71614	0.56295	1.097396	1.451545
HMDB03045	0.49255	2.05569	0.488658	0.654382	1.091465	0.809766	1.152231	0.099153	0.302978	0.190024	0.746568	0.532625	0.908535	0.560617
HMDB02994	0.882189	0.841778	0.960408	1.032339	0.675201	1.058243	1.392269	9.743793	7.414517	0.64791	1.880191	0.477919	0.71018	0.60691
HMDB00613	1.326731	1.157206	1.316703	1.061978	0.823061	1.443762	1.53398	18.93417	9.228052	0.818239	3.085718	0.891214	0.917089	1.006876
HMDB02649	0.718611	0.749952	1.077016	1.294021	1.149642	0.679265	0.357952	0.176994	0.09911	0.613392	0.680613	0.870112	1.199717	0.52886
HMDB00149	3.4618	3.404541	1.633292	3.063757	1.630818	1.874467	2.078965	0.397718	0.900619	0.697188	1.395684	0.819689	0.615704	0.847434
HMDB0029811	1.542853	1.074617	1.098991	1.097148	1.261354	0.654724	1.299864	0.48999	0.723574	0.48999	0.494316	0.593393	0.5365	0.60427
HMDB01248	0.731448	1.001426	0.759076	0.708766	0.743679	0.675147	0.711686	0.436027	0.691823	0.446764	1.049798	0.699512	0.933028	0.498729
HMDB00660	0.694467	0.73643	1.019382	1.061756	0.980618	0.481902	0.371244	0.3031	0.4152	0.290602	0.420722	0.625497	0.612297	0.361918
HMDB00124	3.189669	0.911908	1.579272	5.363177	0.285402	1.810669	1.776332	2.641887	0.797826	3.116369	1.617119	1.088092	2.27512	3.674661
HMDB00174	1	1.570024	0.944684	0.517201	0.591428	0.889187	1.610509	2.650654	1.548599	0.668723	0.854966	1.857289	1.085392	1.58592
HMDB00134	1.073611	0.860377	1.174491	0.96231	1.088556	0.708588	1.180516	0.519628	0.503368	0.492911	0.684984	0.533432	1.197388	0.590786
HMDB00112	0.605022	1.306957	0.485389	0.245019	0.651153	0.266026	0.518788	0.10445	0.262415	0.215213	1.126454	0.765209	0.331736	0.332355
HMDB0006248	0.080103	0.080103	0.081471	0.080103	0.080103	0.221497	0.365624	0.080103	0.080103	0.080103	0.080103	0.080103	0.080103	0.080103
HMDB0011737	0.138837	0.176228	0.121553	0.201084	0.120468	0.504472	0.714493	0.393427	0.516693	0.47782	0.355857	0.497588	0.598944	0.388705
HMDB11738	0.154025	0.35682	0.289335	0.3213	0.226419	0.863919	1.136081	0.134236	0.134236	0.134236	0.134236	0.134236	0.134236	0.134236
HMDB11170	1.407943	0.892709	1.088166	1.286215	1.201163	1.435497	1.705893	0.757072	0.80677	0.945619	0.372504	0.372504	0.974724	0.537443
HMDB11171	0.602504	0.89972	0.690301	1.315358	0.587006	1.749739	2.524359	0.854499	0.788349	1.125534	0.636382	0.548022	1.10028	1.113906
HMDB0034367	0.553099	0.396227	0.396227	0.396227	0.396227	0.573809	0.951674	0.396227	0.396227	0.396227	0.396227	0.396227	0.396227	0.396227
HMDB00594	0.541704	1.503516	0.622907	1.460508	0.620058	2.62493	3.747858	1.453256	0.954054	0.370066	0.821076	0.203949	0.230488	0.233895
HMDB0029159	0.705329	0.65264	0.542526	1.033152	0.523775	2.174695	2.561945	0.512332	0.316114	1.203957	0.221103	0.359228	0.966848	1.141814
HMDB0029160	0.190701	0.190701	0.432374	0.740565	0.360248	0.781469	0.960091	0.190701	0.391638	0.190701	0.190701	0.190701	0.5334	0.190701
HMDB0011741	0.787039	1.158594	0.752877	1.357391	0.656272	1.919183	3.76347	0.841406	0.580773	0.319221	0.538996	0.319221	0.319221	0.371343
HMDB11172	0.917829	0.635119	0.603561	0.960961	0.607278	0.669277	1.334723	1.039039	1.142087	1.255744	0.291209	0.435824	1.137708	0.910956
HMDB00625	3.30123	1.596916	1.817652	3.721626	1.137789	1.45735	1.061943	0.23993	0.359276	0.240538	0.301908	0.700642	0.538815	0.356296
HMDB00122	0.674584	0.722941	0.946654	0.849033	0.996986	0.354298	0.253204	0.099899	0.100784	0.443251	0.701466	1.136292	1.003014	0.421765
HMDB01401	3.481755	0.945713	2.003245	4.251399	3.584802	2.438761	1.577919	3.105985	0.57556	2.962012	1.631408	1.164665	1.907239	3.726367
HMDB00127	0.665988	1.172425	0.651684	0.719595	0.588073	0.670327	0.91148	1.294995	1.154359	0.514386	0.779334	0.614244	0.706619	0.507306
HMDB03339	2.696392	2.827014	2.400097	2.289724	2.14302	3.346946	3.45356	0.41891	0.39121	0.773764	0.548438	0.936394	0.945609	1.054391
HMDB00641	0.712801	1.077291	0.624459	0.618389	0.529504	1.017994	1.071636	0.197814	0.32568	0.661957	0.350584	0.898602	0.982006	0.75351
HMDB00661	1.210931	0.381147	0.998174	1.001826	0.645448	0.566779	0.836417	1.123687	1.250741	0.758706	1.00709	0.497382	0.83554	0.417269
HMDB13130	0.205729	1.060256	0.205729	0.205729	0.232892	0.205729	0.245285	0.368742	0.557847	0.287151	0.815089	0.984714	0.434107	0.289686
HMDB03337	0.002795	0.002795	0.002795	0.002795	0.002795	0.002795	0.002795	0.387737	0.724302	0.696303	1.140643	0.909589	1.343214	1.102946
HMDB00125	0.268012	0.308373	0.268012	0.268012	0.268012	0.28468	0.268012	0.643923	1.125432	0.764588	2.55618	0.766621	5.34306	1.060624
HMDB00139	1.001125	1.367546	1.019239	0.935673	0.744297	0.303456	0.523826	0.693222	0.631596	0.973438	0.631034	0.627212	0.564221	0.553305
HMDB00131	0.669896	1.066845	0.993344	0.894846	0.923905	0.907905	1.300576	0.505244	0.555479	0.498255	0.391762	0.440646	0.629411	0.586088
HMDB02520	0.843961	0.587843	1.793754	1.173469	1.752216	1.13267	1.167581	0.815627	0.316288	1.074873	0.353176	0.392217	1.349051	1.294559
HMDB00126	2.391383	0.96905	3.741553	3.626235	3.95073	1.596007	1.538064	1.41122	0.328501	1.293693	0.596083	0.800458	1.739614	2.419909
HMDB00086	0.764896	0.511152	1.211375	1.061627	1.25469	1.051104	0.869231	1.022308	0.475669	1.796602	0.485976	0.591253	2.059203	1.769781
HMDB00123	2.628216	2.68835	2.820312	2.749427	2.423157	3.114863	3.623608	0.45183	0.731105	0.555251	0.572713	0.843644	0.835948	0.740915
HMDB00115	2.057144	0.806482	1.426421	1.394542	0.495914	1.163119	0.731126	0.602164	0.983625	0.904116	0.583144	0.672302	1	0.522032
HMDB0028844	0.514111	1.11739	0.924232	1.018278	1.001879	1.053399	2.158914	0.37099	0.37099	0.37099	0.37099	0.37099	0.461095	0.37099
HMDB00759	0.604138	1.322081	1.821483	1.723692	1.395611	2.650353	3.403735	0.147397	0.255708	0.261182	0.147397	0.346861	1.010553	0.295445
HMDB00721	0.902464	1.029487	0.970513	0.774845	0.77701	1.64348	1.15623	1.185618	1.204522	0.738682	1.635478	0.950454	0.836644	0.950641
HMDB0028854	0.790897	1.096868	1.066583	1.377565	1.056965	1.760296	2.00817	0.231267	0.408304	0.231267	0.231267	0.231267	0.579736	0.231267
HMDB00133	3.422439	0.779405	1.803481	1.80063	2.561028	8.211366	4.057203	0.731919	0.353325	0.732337	0.77826	0.425414	2.070955	0.33712
HMDB01397	1.473246	1.33351	1.125758	1.860519	0.971138	2.407916	2.139509	0.292541	0.305907	0.570832	0.243156	0.177074	1.997613	0.422663
HMDB03466	0.660748	0.905879	0.626268	0.634238	0.527953	0.820697	0.99491	0.8924	1.171213	0.240347	0.43866	0.385761	0.676288	0.357651
HMDB03178	0.118327	0.368091	0.912476	6.128827	0.584674	0.118327	0.118327	21.374191	3.299837	13.16677	5.133687	46.408653	35.184883	50.750561
HMDB00714	0.674134	0.674134	0.842215	0.674134	0.674134	1.071813	0.674134	0.674134	1.109315	0.674134	0.674134	0.674134	1.061755	0.746259
HMDB00177	0.952088	1.485519	1.029533	1.009732	0.832637	1.082638	1.15843	1.158352	1.952987	0.789094	1.373353	0.793623	0.959555	1.097285
HMDB00679	1.429741	1.182336	2.170814	1.873094	2.437681	1.233245	1.356776	1.233123	1.673323	0.792836	2.938522	1.871986	0.798208	0.819652
HMDB00719	0.911054	2.128662	0.813589	0.977827	0.7366	1.582183	2.041627	0.48717	0.624086	0.407516	1.032509	0.705221	0.518834	0.496459
HMDB0062555	1.134489	1.27661	0.824111	1.731217	1.615571	1.829742	1.877141	0.828164	0.985934	0.364767	0.934191	0.726509	0.643492	0.558801
HMDB00965	7.096806	1.033046	3.592102	3.231741	0.509565	2.272338	1.436383	0.224963	0.610658	0.319798	0.966954	0.704653	0.661214	0.764751
HMDB00157	1.315172	1.329294	1.115324	1.120604	0.916138	1.222384	1.308837	0.726063	1.09952	0.768524	0.896291	0.702816	0.753487	0.813859
HMDB02320	0.127674	0.127674	0.127674	0.127674	0.127674	0.127674	0.127674	1.234003	4.198604	0.127674	1.246083	0.127674	0.127674	0.127674
HMDB00671	0.552908	0.552908	0.552908	0.552908	0.552908	0.552908	0.552908	1.361913	0.552908	0.552908	1	0.552908	0.552908	0.552908
HMDB00195	1.140388	0.722556	1.211189	1.284217	1.310309	1.276844	1.161992	0.307332	0.210533	0.490801	0.262396	0.29104	0.645287	0.470958
HMDB00213	0.942035	1.157398	0.834552	1.072259	0.754141	0.974424	1.057964	0.63203	0.645947	0.75474	0.724213	0.928307	0.925636	0.835565
HMDB0003514	0.891219	0.1479	1	1.156283	1.426493	1.221374	1.115207	0.1574	0.077122	0.204879	0.077122	0.077122	1.555125	0.146128
HMDB0000618	0.636873	0.447715	1.037082	1.242639	1.247417	1.28456	1.07797	1.347128	0.154529	0.911558	0.108906	0.202006	2.073962	0.693043
HMDB00736	0.712848	1.153043	0.643066	0.760121	0.911545	0.69168	1.066357	0.918405	1.4125	1.83932	1.210092	1.948387	1.537052	1.326597
HMDB00172	1.24133	1.512782	1.452081	1.283796	1.254923	1.345478	1.734439	0.589463	0.986004	0.749991	0.715685	0.910231	0.933184	0.809081
HMDB00688	0.890801	1.581883	1.019958	1.325001	0.945335	0.630409	0.748479	3.236466	8.555667	1.568211	4.717542	2.916382	1.744161	2.64837
HMDB00678	1.631308	0.518146	0.518146	0.619886	1	1.35715	0.604079	1.475009	5.164763	0.518146	1.013518	1.211936	0.518146	0.518146
HMDB00684	0.284964	1	0.284964	0.284964	0.284964	0.289641	0.767026	0.742221	2.803719	0.416691	2.024852	2.707884	0.989221	0.957301
HMDB00190	0.937416	0.862622	1.205795	0.995211	1.233375	0.999854	1.323616	0.934826	1.077111	1.007508	0.763632	0.798512	1.000146	0.958802
HMDB02250	0.362495	0.362495	1.275993	0.899993	1.204496	1.434682	1.049741	4.890461	0.663631	0.362495	0.362495	0.362495	0.789535	1.131191
HMDB00687	1.240681	1.454496	1.459446	1.653881	1.282508	1.320844	1.591034	0.443522	0.885318	0.628783	0.636675	0.809114	0.882897	0.741113
HMDB00673	0.798423	1.30407	0.955722	0.873722	1.255822	0.922853	0.859352	0.739276	0.805999	0.618718	0.704295	0.519475	0.797827	0.871897
HMDB01388	0.829051	1.970969	0.873663	0.798671	1.274928	1.199618	1.320169	0.2033	0.258604	0.219208	0.333691	0.231514	0.538806	0.372673
HMDB00182	0.952223	1.197205	1.102086	1.123133	1.022527	1.072161	1.280725	0.656313	1.049148	0.573826	0.71481	0.696693	0.782747	0.664868
HMDB00156	1.242337	1.328019	1.876489	1.114201	1.594226	1.011537	1.289675	0.456024	0.527432	0.781277	0.544277	0.384952	0.951924	0.549555
HMDB02095	0.755615	0.682701	0.543291	0.49701	0.606419	0.964151	1.029173	0.313281	0.384047	0.313281	0.313281	0.451865	0.313281	0.313281
HMDB12253	0.138784	0.138784	0.352444	0.138784	1.591526	0.138784	0.138784	0.138784	0.138784	0.138784	0.138784	0.138784	0.212144	0.138784
HMDB12254	0.218155	0.218155	0.615744	0.301127	2.67059	0.218155	0.218155	0.218155	0.218155	0.218155	0.218155	0.218155	0.753366	0.218155
HMDB00163	0.169364	0.052844	0.849872	0.568162	1.339719	0.112849	0.039946	0.072317	0.004941	0.642323	0.689643	2.132279	1.563484	0.890247
HMDB01296	0.043446	0.098905	1.537382	0.87988	5.548777	0.043446	0.043446	0.043446	0.043446	0.33294	0.29886	1	4.464006	0.231289
HMDB01262	0.068953	0.010938	1.250165	0.808971	2.981723	0.044163	0.010938	0.012255	0.010938	0.38685	0.387022	1.213224	2.681683	0.272312
HMDB00765	1.415108	0.370642	0.631212	0.85523	0.370642	1.630841	1.164345	6.239804	3.31575	0.370642	0.370642	0.370642	0.370642	0.789623
HMDB00169	0.608149	0.723495	1.209992	1.009262	1.440796	0.438573	0.396303	0.188388	0.484582	0.48203	0.876081	0.942296	0.990738	0.531387
HMDB01078	2.789771	0.864661	2.290843	4.40924	3.484024	1.868425	1.621573	2.328638	0.388927	2.69179	1.34462	1	1.514396	3.412215
HMDB02259	0.757452	1.047991	0.972858	0.805596	1.13469	0.464807	0.708163	0.951444	0.846514	0.865356	0.938816	0.760661	0.799609	0.716847
HMDB00696	1.462615	1.660123	1.357108	1.572899	1.125479	1.748666	2.024638	0.444297	0.722447	0.575356	0.732666	0.751096	0.913246	0.747239
HMDB00552	0.108677	1.754732	0.175505	0.148165	0.408936	0.524058	1.005225	1.315252	2.120397	0.994775	1.009639	0.436954	1.117087	0.443346
HMDB0061711	0.781132	0.87775	0.960459	0.86184	1.085432	0.738199	1.004314	0.93282	0.799556	0.945316	1.002289	0.680671	0.917422	0.997711
HMDB00211	1.834766	1.690457	1.657917	1.941108	1.414939	2.066843	2.111418	0.337481	1.057829	0.429185	0.710278	2.040447	1.294099	1.205473
HMDB00806	1.100168	1.111268	1.009185	0.990815	0.860918	0.8969	0.89834	0.829473	1.048063	0.904811	1.113904	0.872291	1.145658	1.184036
HMDB02000	0.819168	0.54721	1.502363	0.481954	0.653317	0.9661	0.790942	1.380948	0.902812	0.627018	1.134441	0.580381	1.066512	1.102981
HMDB00766	1.342801	1.328046	1.348974	1.255636	0.902876	1.313433	1.547733	0.770192	1.0434	0.668642	0.826005	0.668223	0.765296	0.952188
HMDB06028	0.351679	0.577536	0.351679	0.395784	0.351679	0.351679	0.351679	0.542035	1.094839	0.91294	0.351679	0.82927	0.746089	0.351679
HMDB02817	1.439854	0.751249	1.986775	2.238648	2.093549	0.567983	1	1.748187	0.855902	1.185094	2.31953	1.816831	1.908008	4.260765
HMDB01138	0.332419	0.332419	0.332419	0.332419	0.332419	0.332419	0.332419	0.332419	0.908598	0.332419	1.015098	0.347655	0.494654	0.332419
HMDB06029	0.126759	0.215492	0.126759	0.126759	0.126759	0.126759	0.126759	0.157749	0.308602	0.409001	0.126759	0.449212	0.669351	0.17482
HMDB00532	1.057249	1.562684	1.60775	1.704524	0.597961	1.487791	1.404588	0.574165	1.306458	0.760111	0.761494	0.900988	0.90191	0.774726
HMDB11745	0.645573	0.853404	1.000513	1.139636	0.821467	2.224694	2.139934	0.479956	1.224477	0.999487	0.681727	0.497513	1.62574	0.971892
HMDB03357	0.566933	0.521373	1.069876	0.878746	1.508886	0.807708	0.573343	0.497628	0.845334	1.168882	1.69907	2.255351	1.616454	1.464134
HMDB02931	1	0.95708	1.136021	1.189225	1.045756	0.940787	0.992506	1.945225	1.133567	1.484088	1.372429	0.972983	1.16226	1.751473
HMDB0062557	1.633418	1.701232	1.008001	1.125086	0.691173	1.383943	1.895926	0.811727	1.21872	0.561512	0.943387	0.636251	0.692126	1.012779
HMDB0062659	1.097772	0.996264	0.723599	0.945546	1.023969	1.218501	1.037531	0.727477	0.723599	0.723599	0.949827	0.744051	0.904839	0.825544
HMDB00833	0.514264	0.612742	0.551983	0.60554	0.400551	0.696088	0.463963	1.677421	2.245845	1.577797	1.824988	0.824704	1.136041	1.609767
HMDB03331	1.843776	1.521249	1.970708	2.119628	1.826675	1.607788	2.151818	0.985998	2.027528	0.415246	0.625475	0.510571	0.407752	0.529347
HMDB00446	0.630926	0.447175	0.621599	1.259667	0.942937	0.580594	0.748378	0.329734	1	0.557937	1.384846	1.002776	0.532351	0.496424
HMDB00206	0.845503	1.38389	1.286113	1.335871	1.079933	1.259942	1.434914	0.731074	0.886342	0.666294	0.659968	0.54848	0.519271	0.510134
HMDB01406	0.747878	0.928404	0.644258	0.874853	0.814289	0.760409	0.795773	0.515762	0.781991	0.636794	0.834717	1.093272	0.980179	0.705417
HMDB00902	0.577215	0.832409	0.565615	0.655455	0.487076	0.733195	0.512586	0.549641	0.928275	0.448172	1.501949	1.085954	0.784862	0.436276
HMDB00772	1.281688	1.024813	0.847399	0.439349	0.620219	0.982727	0.818139	0.659544	0.748173	0.699453	0.843218	0.87284	1.017273	0.817281
HMDB00207	1.010097	1.214305	1.278994	1.107196	1.067575	0.989903	0.93636	0.728174	0.668952	0.674713	0.575264	0.512399	0.873527	0.813346
HMDB05065	1.049105	0.306789	1.060614	1.102755	1.20237	0.240948	0.242371	21.002045	1.338916	1.294924	0.749138	0.253687	0.217082	2.324675
HMDB05765	0.018789	0.018789	0.018789	0.018789	0.018789	0.018789	0.018789	1.006612	0.660812	3.6929	0.274294	0.123598	1.289708	1.503842
HMDB03374	1.015293	1.31257	1.034512	1.152415	0.77551	0.757916	1.015519	0.66775	1.362511	0.820682	0.80812	0.810016	0.65777	0.855446
HMDB00226	0.553974	0.471827	0.279425	0.473741	0.279425	0.745574	0.42846	1.06272	1	1.74448	1.581261	0.657243	1.432261	1.324388
HMDB0002329	1.253525	1.896179	2.205648	1.53054	2.337542	2.059565	2.010514	1.166042	0.668383	0.960225	2.046115	0.772866	0.668383	0.729094
HMDB0011635	0.751751	1	0.751751	0.751751	0.751751	0.751751	0.751751	83.629463	0.751751	0.80082	2.556622	1.234222	0.751751	0.751751
HMDB00220	0.823579	1.181457	0.924203	0.883079	0.822088	0.957524	0.841945	1.014428	0.866581	0.849269	0.789337	0.763147	0.984738	0.992277
HMDB03229	1.066729	1.467466	0.974385	1.151179	0.851024	1.137501	1.155764	0.519539	0.549946	0.598987	0.572413	0.544564	0.848998	0.738712
HMDB0010169	3.708935	2.596834	2.690322	2.7413	1.953692	4.17935	4.389297	1.169814	0.790159	0.897127	0.894353	0.976744	0.933811	1.164396
HMDB00222	1.721551	0.518474	2.462687	2.690895	2.901921	1.419028	1.388462	30.936981	3.64232	3.978018	2.5385	1.267773	0.49118	4.729971
HMDB00210	1.412368	1.08523	0.888109	1.40034	1.294551	1.193052	1.208737	1.737869	1.366832	0.585651	0.842239	1.386949	0.773785	0.644939
HMDB00826	0.849799	1.029299	0.516401	1	0.578882	1.121935	0.829528	1.174606	0.777015	0.906414	0.658403	0.754653	0.776291	0.915592
HMDB0060015	0.524667	0.377561	0.316655	0.376306	0.316655	0.316655	0.316655	21.68433	9.4409	1.458817	1.579581	1.575249	1	0.316655
HMDB00821	0.824181	0.824181	0.824181	0.824181	0.824181	0.824181	0.824181	11.018428	22.375175	0.824181	0.824181	0.824181	0.824181	0.824181
HMDB00159	1.201156	1.560646	1.311643	1.488852	1.237961	1.407964	1.528572	0.651652	0.937103	0.716184	0.875164	0.812582	0.98214	0.826165
HMDB01429	0.947438	0.884921	1.003186	0.977316	0.896094	1.00129	1.05964	0.715266	0.993243	0.761066	0.961465	0.847933	0.843874	0.788116
HMDB00263	0.882401	0.941405	1.213843	1.563783	0.951205	0.281874	0.281874	0.357047	1.048794	1.080196	1.131771	0.867952	0.419622	1.198082
HMDB00224	4.458055	4.651899	1.008876	2.473396	0.911967	6.969036	5.886486	1.072863	2.065796	1.191253	0.565806	0.991125	0.836091	1.687081
HMDB00816	1.373923	0.947897	1.241162	1.935774	1.704829	0.752103	1.947658	0.668858	0.729666	0.910615	1.18688	1.160237	0.848229	0.58198
HMDB00070	0.708637	0.584388	0.790413	0.937847	1.117203	1.098071	1.215172	5.188925	5.608545	0.809195	4.980206	0.983748	0.888753	0.714284
HMDB06695	0.572457	1.045785	0.42498	0.677876	0.425288	0.717513	1.391736	1.465158	2.054585	0.781608	1.397677	3.130633	1.647271	2.961597
HMDB00162	1.253832	1.440141	1.180302	1.336454	1.113075	1.508638	1.687001	0.491156	0.862902	0.66479	0.589279	0.703734	0.855452	0.854863
HMDB00824	2.087028	1.685569	2.949675	2.605087	2.569592	1.516582	2.315769	0.269049	1.355697	0.566509	0.932588	0.162436	0.528414	0.728866
HMDB00767	1.718548	1.513035	1.472124	1.800158	1.081212	1.741504	1.850786	7.250535	4.854837	1.252592	2.811028	0.802155	0.732268	0.953533
HMDB01414	0.746921	1.019122	1.014823	1.656331	1.564413	0.274898	0.391468	2.405895	5.76097	2.901418	2.781149	0.430108	0.521247	0.703469
HMDB00017	0.295312	0.295312	0.295312	0.295312	0.295312	0.295312	0.295312	0.362048	0.697935	0.295312	0.61911	0.45714	0.297061	0.295312
HMDB00243	0.171608	0.259387	0.332803	0.354471	0.360778	0.171608	0.277339	0.831028	0.691711	1.271463	0.585162	0.525091	2.102247	0.637412
HMDB00508	0.779079	0.934658	1.449097	0.801838	0.985115	0.812778	0.959254	0.385069	0.66916	0.684139	0.334695	0.811264	0.982324	1
HMDB00244	0.805408	1.040463	0.828438	1.036167	0.505446	0.261991	0.604494	1.196507	1.598041	0.749232	1.080947	1.446317	0.519219	0.97331
HMDB00283	0.550436	0.780072	0.708277	0.523252	0.515228	0.501292	0.608387	0.274006	0.98311	0.401293	0.764609	0.791562	1.01689	0.46089
HMDB00618	0.176513	0.176513	0.74439	0.547221	1.222387	0.185413	0.636333	0.999388	0.176513	1.023353	0.176513	0.608455	1.529754	0.650272
HMDB00621	0.596882	0.875421	0.814297	0.751756	0.458339	0.591037	0.726505	0.355779	0.868517	0.410602	0.776666	0.903159	1.289727	0.518167
HMDB00939	0.493898	0.535388	0.783218	0.682176	1.005658	0.652782	0.793516	0.556145	0.434009	0.567915	0.699893	0.826073	1.302662	0.403379
HMDB01185	1.634315	1.427908	1.675092	1.644522	1.541726	2.254397	2.666972	0.420443	0.476626	0.865529	0.394688	0.511138	0.978591	0.772506
HMDB0060507	0.069246	0.069246	0.069246	0.069246	0.069246	0.069246	0.069246	0.292806	0.674069	1.229942	0.948612	1.333917	2.082528	0.974122
HMDB00271	0.404548	0.247202	0.362192	0.376001	0.357769	0.95135	0.966166	0.641938	3.103315	0.303555	1.55712	1.140878	0.480631	0.602951
HMDB06088	1.738302	1.882991	1.657591	1.143819	1.354107	0.537988	0.811315	1.678234	1.83545	0.852357	1.148632	2.438514	1.309694	0.694475
HMDB01068	0.930781	0.300662	0.300662	3.164246	1.270982	0.852955	1.360284	1.855487	0.300662	1.069219	1.27193	0.745292	1.343644	2.319076
HMDB03406	2.030483	2.081197	2.354626	2.396435	1.911648	2.332128	2.355345	0.695748	0.878649	0.874254	0.837264	0.725162	0.959277	0.96855
HMDB00247	1.429478	0.978559	1.027548	1.021441	0.530788	0.903128	1.143788	0.409298	0.315311	0.343367	0.482112	0.522095	0.61328	0.528591
HMDB01257	0.971859	0.871214	1.01249	1.136029	1.158823	1.153257	1.116138	0.67818	0.631014	0.608646	0.747921	0.537785	1.162403	0.689862
HMDB00269	1.10924	1.311938	0.748313	0.815545	1.47544	0.742067	0.953003	1.115493	0.963478	1.000406	0.793781	0.497367	0.999594	0.548338
HMDB00252	7.373405	2.763906	4.153193	4.186687	3.830129	2.931023	3.870155	0.442039	0.614867	0.744988	1.127362	0.4846	0.730915	0.550831
HMDB00256	0.974086	0.753295	1.347467	2.198388	0.879187	1.570627	1.021289	0.263736	0.423819	0.294903	0.227296	0.22552	0.76022	0.22552
HMDB04827	0.58002	1.203754	0.770194	0.918847	1.547301	0.919378	1.165125	0.413597	0.327433	0.124543	3.095646	1	0.297196	0.254315
HMDB00827	0.883676	1.154791	1.185455	1.008443	1.101768	0.867373	0.795018	1.251205	0.974872	0.859892	0.875398	0.801605	1.036178	1.07505
HMDB06547	0.593635	2.551931	0.788486	0.670115	1.185388	1.728942	2.062732	0.113976	0.113976	0.12957	0.310948	0.113976	0.287728	0.173635
HMDB01348	1.610879	1.917207	2.413479	1.897815	2.330473	1.399723	1.734084	0.734646	0.511114	0.565669	0.354544	0.634391	0.69472	0.623293
HMDB00848	0.974869	0.537723	2.496524	1.586495	3.32155	1.025131	1.558581	13.164045	2.960829	1.402848	1.097567	0.603377	0.339552	1.341703
HMDB00254	0.526324	0.670213	0.73648	0.334545	0.640917	0.366988	0.462831	2.466529	0.376784	5.080063	0.530926	0.426981	2.674119	2.867375
HMDB0061717	1.164539	1.201474	1.98521	1.635225	2.002692	1.162311	1.191945	0.26797	0.256063	0.307202	0.179573	0.283384	2.616374	1.710118
HMDB03418	0.481653	0.745791	0.964095	0.481653	0.481653	0.875172	0.481653	0.481653	0.481653	0.481653	0.481653	0.481653	0.481653	0.481653
HMDB00251	1.28739	1.229957	1.248543	1.305957	1.2997	1.218157	1.212676	0.507191	0.832568	0.482726	0.88014	0.777603	0.704976	0.592111
HMDB00932	0.552592	0.763617	2.72491	1.047411	3.972433	0.498625	0.41569	1.716317	2.765911	1.135471	3.749486	0.492619	1.244142	0.867811
HMDB00951	0.297999	0.804227	0.506067	0.590473	0.351648	0.133251	0.120268	0.157741	0.574205	0.439228	1.135673	2.144115	1.723359	0.349773
HMDB00036	0.60834	0.903613	2.347526	0.943097	2.308249	0.389442	0.520026	0.595098	1.229382	0.575203	1.571099	0.411811	1.307563	0.582342
HMDB00896	1.564468	1.578521	2.314703	2.330867	0.956908	0.629122	0.473711	0.123711	0.659027	0.245857	0.123711	0.123711	1.855057	0.278797
HMDB00235	0.607253	0.677725	0.448379	0.288653	0.420226	0.485782	0.377917	0.252258	1.064628	0.890764	0.738283	0.79577	1.300786	0.624769
HMDB04136	0.503196	0.503196	0.503196	0.503196	0.503196	0.503196	0.503196	4.022009	2.43766	0.503196	1.381458	0.503196	0.763878	0.503196
HMDB00943	1.136411	0.824557	0.525663	0.844653	0.64638	0.289847	0.379594	2.577634	2.268847	1.320892	1.258447	1.601647	1.461433	1.999889
HMDB00167	1.310628	1.466485	1.530897	1.590326	1.071006	1.50453	1.66867	0.626974	1.043212	0.775465	0.890358	0.95608	0.979392	1.013047
HMDB00273	1.347124	0.553466	1.540577	1.341557	1.120466	0.879534	1.275236	0.257153	0.257153	0.257153	0.257153	0.257153	0.257153	0.257153
HMDB00262	4.818337	7.895717	3.141704	4.231897	3.621317	3.362693	6.409053	0.273944	0.889994	1	0.618155	0.783825	0.801128	0.40165
HMDB02366	1	1.351921	0.553755	0.482293	0.453209	0.453209	0.453209	0.453209	0.453209	0.453209	1.33449	0.972337	0.584134	0.752135
HMDB00725	0.663051	0.582898	0.595131	0.676958	0.620224	2.118799	1.724169	0.258045	0.739208	0.470319	1.108524	1.982538	1.014325	1
HMDB00875	0.44178	0.474623	0.254582	0.544859	0.322733	0.315125	0.664106	0.132369	0.649126	0.328249	2.129836	1.327452	0.856537	0.769946
HMDB00929	1.1258	1.522981	1.392452	1.465719	1.243914	1.431592	1.780452	0.474325	0.706295	0.719943	0.685805	0.991281	1.008719	0.847865
HMDB00158	1.891333	2.244683	2.010967	2.195807	1.936337	2.109572	2.440316	0.548615	0.834151	0.837809	0.354023	0.86746	0.967216	0.959582
HMDB000302	0.528824	0.450037	0.258775	0.258775	0.258775	0.969239	1.543239	0.258775	0.262963	0.722232	0.806881	0.258775	1	0.258775
HMDB00935	1.812298	0.168326	1	0.965741	1.144549	2.226748	1.808194	0.168326	0.168326	0.168326	0.168326	0.168326	0.168326	0.168326
HMDB00300	0.947725	1.135463	1.015415	1.089815	0.74088	0.929266	0.939859	0.762607	0.831819	0.94276	1.433307	1.220354	1.048185	1.610583
HMDB00294	1.490721	0.722331	0.770164	1.264336	0.442489	0.827748	0.912601	31.360552	16.949224	0.502439	14.473982	2.038361	1.044397	0.735724
HMDB00296	0.919844	1.004736	1.085533	0.910843	1.047782	0.881313	1.065845	0.410558	0.357897	0.568463	0.82501	0.658351	0.851192	0.917006
HMDB00927	0.843639	0.843639	0.843639	0.843639	0.843639	0.843639	0.843639	0.843639	0.933567	0.843639	0.843639	0.843639	0.843639	0.843639
HMDB00883	1.087879	1.308433	1.157793	1.326771	1.037567	1.160448	1.380972	0.626518	1.009158	0.765355	0.733681	0.990842	0.887293	0.8143
HMDB00292	0.941474	1.242769	0.869356	0.922295	0.667332	0.946701	1.21277	0.765276	1.007344	0.684637	1.266998	0.974493	0.812912	1.11592
HMDB00299	0.236633	1.154489	0.846356	0.635025	0.628835	0.249219	0.802165	0.101832	0.412497	0.215167	0.300021	0.821198	0.594113	0.237884
HMDB00568	0.527788	1.047498	0.675817	0.259341	0.532312	0.44743	0.397591	0.456227	0.670669	0.339992	0.669014	1.051669	0.797908	0.750504
HMDB0059750	0.4124	1.095241	0.231115	0.442494	0.392382	0.631778	0.752663	0.920377	0.962138	0.567916	0.860002	1.148291	0.646054	0.379483
HMDB00654	1.088466	0.666492	1.050914	0.848691	0.653071	0.800946	0.750519	0.198967	0.36713	0.198967	0.265548	0.198967	0.575647	0.519618
