samples	Ctrl1	Ctrl2	Ctrl3	Ctrl4	Ctrl5	Ctrl6	Ctrl7	Myc1	Myc2	Myc3	Myc4	Myc5	Myc6	Myc7
factors	normal control	normal control	normal control	normal control	normal control	normal control	normal control	MYC+ tumor	MYC+ tumor	MYC+ tumor	MYC+ tumor	MYC+ tumor	MYC+ tumor	MYC+ tumor
HMDB07098	1.601603	1.097282	1.934479	1.943472	1.70343	1.301175	1.234939	0.775782	1.151524	1.028495	0.490112	0.75588	0.94208	0.935791
HMDB01882	7.08052	5.340111	6.382592	6.079255	2.984577	0.950262	2.198969	1.121059	0.7505	1.011445	0.706565	0.988555	0.36673	0.560478
HMDB0056009	1.968851	1.452992	3.067094	2.624619	1.95281	1.755766	1.599024	1.052503	1.142337	0.792024	0.520954	0.904881	0.292183	1.358924
HMDB02712	0.827708	0.894187	0.464084	0.775802	0.464084	0.816151	0.464084	0.861472	0.996114	1.290906	0.708951	1.349073	1.358845	1.609125
HMDB10395	0.341455	0.341455	1.35057	1.18223	0.945721	0.341455	1.004986	0.3641	1.658346	0.800793	0.756638	1.46984	0.341455	0.995014
HMDB11517	0.56353	0.340705	0.870376	0.893362	1.87711	0.926363	1	0.982044	1.454106	1.190437	1.148191	1.072141	2.163868	0.741213
HMDB0061690	0.792982	0.698176	1.225369	0.823313	1.322768	1.414615	1.514203	0.994141	1.944039	1.703585	2.093348	1.560578	1.291334	1.301591
HMDB0010392	0.879113	0.704087	1.141708	1	0.501106	0.210636	0.728943	1.099325	1.571258	1.330367	0.867997	2.297466	0.684342	2.121877
HMDB0010386	0.794251	1.087227	1.351861	1.163517	0.619268	0.10853	0.10853	0.368837	1.256415	1.097586	0.610666	2.341406	0.391211	1
HMDB11507	0.918829	0.452064	0.893812	0.64517	1.132491	0.452064	0.824861	0.888241	1.178734	0.883115	1.039438	1.672283	2.228375	0.63362
HMDB02820	0.845252	0.541469	0.661553	1.451276	1.150025	1.277716	0.541469	0.541469	0.793032	0.824007	0.550427	0.541469	0.541469	0.772313
HMDB10379	2.006869	2.091031	0.913456	0.916012	0.368969	0.368969	0.898829	1.493676	1.355553	2.273954	0.874839	1.609449	0.639693	0.697807
HMDB02350	0.831146	0.815164	0.948488	1.126059	1.226102	1.115767	1.114765	1.104573	0.552824	1.157003	0.830516	0.999329	1.192023	1.316015
HMDB11567	0.810339	0.276433	1.011437	1.462675	1.098585	1.25408	1.018314	0.969795	0.869462	1.39386	1.454696	1.358371	1.447877	1.398529
HMDB02815	1.527819	0.991097	0.694678	2.980356	0.503105	0.488938	0.475624	3.798649	1.184979	1.802432	0.612958	1.769084	0.509559	1.080311
HMDB11506	0.825487	0.831835	0.996565	1.105188	1.27304	1.116649	1.345193	1.847099	1.604973	1.69381	1.274498	1.909276	1.4549	0.743944
HMDB0061693	1.122365	1.056698	0.733547	1.242942	0.781713	0.579468	1.45831	3.892346	1.356916	3.869493	2.188858	2.862369	1.274174	1.158598
HMDB0010383	1.22738	2.016312	1.771696	1.77358	0.924185	0.434129	0.663033	1.676099	1.239212	1.466784	0.97914	2.054971	0.428768	0.88163
HMDB0011564	1.602148	1.007666	1.630138	1.807147	1.629093	1.193932	1.203225	0.618547	0.673873	0.802119	0.638292	0.718577	0.992334	1.351197
HMDB0010382	1.809334	1.072248	1.008917	2.491842	0.606384	0.419284	0.328264	2.037875	1.467309	0.454659	0.333723	0.861786	0.532687	1.319887
HMDB11503	0.974657	0.886893	1.288793	0.994456	1.064669	1.041426	0.762102	0.794192	1.482125	0.55209	0.682759	1.005544	0.908425	0.443468
HMDB0061695	2.747817	3.355458	2.192113	2.335923	1.541395	1.015514	1.723889	1.084718	0.677959	0.74171	0.612992	0.57864	0.481617	0.620798
HMDB0011131	1.78117	1.294038	1.814136	2.106369	1.596902	1.54485	1.49607	0.546232	0.809688	0.854977	0.77211	0.972143	0.840021	1.248433
HMDB0010384	0.487955	1.209198	1.079171	0.775845	0.592163	0.35911	0.734144	0.772524	0.758591	0.888079	0.548416	1.069616	0.05393	0.099842
HMDB11130	0.445551	1.12565	1.473852	0.845783	0.7536	0.245694	0.62019	1.117957	1.221209	1.381178	0.966026	1.870727	0.07604	0.213789
HMDB0240261	1.382333	1.849302	1.314749	1.327106	0.947271	1.33936	1.581332	1.137001	1.068667	1.201372	0.62107	1.068296	0.557552	0.620857
HMDB0060038	0.839502	0.656887	1.25926	1.067199	1.69693	1.808649	1.898342	0.911196	1.288008	1.134237	1.041544	1.097854	0.922261	0.814475
HMDB0013622	0.528663	0.641191	1.062658	0.863983	0.944424	0.986986	1.323905	0.875533	1.318075	1.285874	1.005952	1.381951	0.999133	0.797202
HMDB00400	2.739868	5.334139	3.222211	1.404222	0.459699	0.334342	0.190777	0.190777	0.429191	0.190777	0.190777	0.190777	0.190777	0.190777
HMDB0004667	0.961623	0.787344	1.38317	1.034705	0.968084	1.732051	1.100753	1.410924	1.393556	1.146103	1.102556	1.638919	0.954499	0.883813
HMDB02110	0.990471	0.908955	1.902838	2.220404	1	2.130996	0.481984	2.296081	0.901204	1.150107	1.787639	0.197301	1.424491	1.165832
HMDB00014	0.33833	0.325935	0.325935	0.325935	0.41763	0.325935	0.325935	4.905012	3.279452	2.97263	3.934728	2.194169	3.421231	4.576987
HMDB00085	0.571872	0.685272	0.495234	0.495234	0.887365	0.751662	0.495234	1.05832	1.823012	1.220095	2.298063	0.495234	1.903366	2.011922
HMDB00071	0.47348	0.47348	0.47348	0.47348	0.47348	0.47348	0.47348	1.411709	1.174227	1.346624	1.402413	1.130342	1	0.934915
HMDB01294	0.83016	0.83016	0.83016	0.83016	0.83016	0.83016	0.83016	0.83016	0.83016	0.83016	0.83016	0.83016	0.83016	0.83016
HMDB00510	1.933385	0.682532	0.489683	0.982896	1.948208	1.275878	0.511563	1.449732	1.755589	1.577714	1.611134	0.61711	2.218746	2.331806
HMDB00650	0.837985	0.617898	0.497652	0.471561	0.689319	0.435139	0.489094	1.126309	2.831384	1.9106	1.284831	1.576554	1.525517	3.633752
HMDB03224	0.766294	1.783192	1.408502	1.673364	1.567994	1.376137	1.795506	0.240775	0.371919	0.240775	0.240775	0.282438	0.240775	0.240775
HMDB00008	1.806928	1.186944	0.50514	0.575797	0.895534	1.034281	0.938792	0.919899	1.41493	2.203917	1.246322	1.836816	0.965719	1.645271
HMDB00606	0.255361	0.309253	0.480256	0.427413	2.024762	0.26812	0.392998	1.039594	1.494862	1.771136	1.566525	0.960406	4.695224	1.817421
HMDB00729	0.862391	0.92062	0.874798	0.564766	0.470435	0.455375	0.455375	1.332832	1.452351	0.455375	1.497431	1.227711	0.884833	1
HMDB0031057	1.104105	1.669733	0.89119	0.969671	0.847425	1.030329	1.427946	0.608902	0.750163	0.445905	1.034814	0.488832	0.490593	0.445905
HMDB00378	1.247905	1.025541	0.699599	0.599355	1.01975	1.285743	1.378966	1.076405	2.251331	1.21294	0.986374	1.110155	0.594582	1.279629
HMDB0011537	0.69816	0.69816	0.971343	0.789932	0.69816	0.69816	0.69816	0.69816	0.69816	0.69816	0.69816	1.306999	1.396759	1.245161
HMDB0008927	0.213368	0.213368	0.213368	0.213368	0.602183	0.616923	0.582159	0.954297	1.588005	0.991215	0.639517	1.707179	2.504242	0.445762
HMDB0011533	1.633986	1.33831	0.582711	2.047174	0.582711	0.582711	0.582711	0.834056	0.582711	1	0.82447	0.582711	0.582711	1.315158
HMDB0240262	0.987142	0.70924	0.702156	0.757994	0.439452	0.122266	0.316563	1.13862	1.772824	0.680423	0.516235	1.92054	0.943958	1.753481
HMDB03391	1.155146	1.727203	1.634084	0.388289	2.062575	1.484158	1.22438	0.491051	0.379571	0.715785	0.840071	0.379571	0.379571	0.379571
HMDB0011128	0.706897	1.009381	0.990619	0.555394	0.247729	0.286608	0.696413	2.092625	1.525671	1.748761	0.403641	0.939532	0.373601	0.247729
HMDB00755	1.076184	1.657594	1.652539	1.870557	0.50637	0.50637	0.50637	0.50637	0.50637	0.50637	0.50637	0.50637	0.50637	0.581172
HMDB03911	0.911074	0.900414	0.626673	0.670496	0.906306	0.588336	0.659362	1.946046	2.859258	2.754287	2.100292	3.172169	1.167669	2.484351
HMDB12154	1.067643	0.802082	0.983059	0.883321	1.999144	1.889754	1.841237	2.620562	3.236032	2.930636	2.984767	2.715568	1.035505	1.020412
HMDB00357	1.467773	1.209775	1.241655	2.41262	0.839676	0.814645	0.835732	0.388578	6.589745	1.679837	0.638865	0.663516	1.707883	2.099857
HMDB03736	0.774811	0.774811	0.774811	0.774811	0.774811	0.774811	0.774811	0.774811	0.774811	0.774811	0.774811	0.774811	0.774811	0.774811
HMDB00807	1.559258	3.262511	2.387923	0.550554	2.635202	1.896163	1.503646	1.0646	0.962184	1.171489	1.430091	1.016223	0.432529	0.776252
HMDB00026	0.224916	0.224916	0.224916	0.224916	0.224916	0.628865	0.224916	0.482577	0.480833	0.836305	0.590462	0.776887	0.224916	0.224916
HMDB03464	1.507266	1.091062	0.988602	0.557942	0.899602	0.608915	0.62652	0.986743	0.537294	1.68892	1.503695	2.099222	0.975098	0.829924
HMDB00695	0.380923	0.380923	0.380923	0.380923	0.380923	0.380923	0.698816	0.406601	0.657691	0.380923	0.380923	0.380923	0.380923	0.380923
HMDB03355	1.008074	1.083658	0.991926	0.699707	2.469336	3.030871	2.304302	2.901329	1.875159	2.284774	2.105606	2.456542	1.143784	0.876982
HMDB01396	0.563752	0.563752	0.563752	0.563752	0.563752	0.563752	0.563752	0.588105	1.060702	0.713447	0.563752	0.654304	0.563752	1
HMDB01173	0.44732	0.251034	0.832121	0.42564	0.437057	0.345931	0.52318	2.345088	1.750753	2.011277	2.07835	1.86229	2.391721	2.800466
HMDB00884	0.611003	0.611003	0.611003	0.611003	0.611003	0.611003	0.611003	0.920679	1.236516	1.075401	1.049281	1	0.611003	1.288003
HMDB00267	0.529817	0.530823	0.502777	0.604325	0.554872	0.550782	0.612466	3.035625	2.458179	1.413441	1.899615	1.803554	3.189807	3.70861
HMDB00811	0.776291	2.608958	2.177915	0.899855	1.408703	1.071299	0.928701	0.573076	0.573076	0.573076	0.573076	0.573076	0.573076	0.573076
HMDB01316	1.086989	0.989487	0.962446	0.75558	1.009347	0.953985	0.944236	1.129891	1.057675	1.413247	1.219728	1.422041	0.736803	0.904832
HMDB01496	1.3139	1.533947	1.479854	1.811723	0.821359	0.896614	0.775914	1.795182	0.96394	0.885437	1.284063	1.002216	0.83236	0.781884
HMDB06119	1.627013	0.982421	1.277249	1.828758	0.857998	1.017579	0.915453	2.583339	1.161472	1.601762	2.178788	1.627301	1.280088	0.6371
HMDB02341	1	1	1	1	1	1	1	1	1	1	1	1	1	1
HMDB00201	0.193942	0.154961	0.133143	0.069855	0.095997	0.123461	0.066256	2.373971	1.930723	2.870853	3.58835	2.425322	2.910177	2.366976
HMDB01494	1.050277	1.029874	0.952299	1.044386	0.68633	1.175001	0.932996	1.105136	0.86701	0.970126	0.835177	1.06533	0.769931	0.684467
HMDB00034	0.586726	0.458217	1.056508	0.610603	0.445628	0.287063	0.497449	2.012482	1.022598	1.66396	1.707604	1.395388	1.748886	2.261123
HMDB00050	2.439015	1.941573	3.667594	2.151478	1.855675	1.809243	1.836213	0.464488	0.663955	0.592173	0.56804	0.749618	0.703558	0.499024
HMDB11617	1.244617	1.445549	0.951892	1.592183	2.002499	1.440327	1.495896	0.128037	0.354943	0.270759	0.343703	0.411647	0.490927	0.379298
HMDB00061	2.985987	2.300596	2.263682	1.882675	4.114339	3.389355	3.561306	0.328117	0.328117	0.328117	0.328117	0.328117	0.328117	0.328117
HMDB03540	1.095627	1.348632	0.95152	1.45117	2.253376	1.634212	1.544481	0.489919	0.805373	0.367843	1.242878	0.52156	0.827576	0.721228
HMDB00045	2.966506	2.06751	4.068978	2.072942	1.970172	1.365703	1.59012	0.395376	0.384608	0.468297	0.436568	0.624032	0.992447	0.95588
HMDB00536	1	1	1	1	1	1	1	1	1	1	1	1	1	1
HMDB02226	1.22995	0.671565	1.02571	1.239903	0.3289	0.688113	0.374001	0.836907	1.06944	0.911561	0.918888	0.591318	1.1712	0.861372
HMDB00161	1.210507	1.178501	1.178371	1.085054	1.310852	1.149227	1.148007	0.800238	0.805665	0.844564	0.715572	0.730426	0.888078	1.150767
HMDB00462	1.589709	1.512741	1.168397	1.672929	1.435081	1.377428	1.546539	0.451321	0.732703	0.430034	0.719583	0.491902	0.559947	0.767448
HMDB04041	0.69593	1.069965	0.311463	1.182919	1.273398	2.142307	1.589995	0.943428	1.344508	1.152912	0.311463	0.311463	0.749149	1.004024
HMDB00407	1.271307	0.732695	0.789407	0.503987	0.391262	0.391262	0.391262	0.987585	1.278004	0.772976	1.236363	0.656434	1.652475	1.669078
HMDB00208	0.738222	0.378606	0.490173	0.460547	1.079427	0.452078	0.981039	0.378606	0.378606	0.378606	0.378606	0.378606	0.378606	0.378606
HMDB01893	0.376995	0.376995	0.376995	0.376995	1.209448	0.706108	1.747908	0.376995	0.376995	0.990953	1.009047	0.520993	0.376995	0.688276
HMDB01851	1.269047	0.661361	0.862286	0.661361	0.661361	0.661361	0.661361	1.107002	0.661361	0.661361	0.901477	0.661361	0.661361	1.318853
HMDB00539	0.868219	0.927736	0.991563	0.432435	0.967591	1.371444	1.52156	1.498635	0.587842	0.795572	2.135848	0.976278	1.076015	1.008437
HMDB02212	1.533627	0.381084	1.450764	1.08321	0.381084	0.381084	0.381084	0.906269	0.674232	1.085683	0.810317	1.019532	0.595322	0.928461
HMDB01043	1.052593	0.996071	0.920056	1.388664	1.624014	1.322456	1.217854	1.062979	1.108833	1.040074	1.151275	0.918368	0.89567	0.842628
HMDB00517	0.652559	0.761389	0.607783	0.699879	0.704994	0.73419	0.753767	0.731752	1.042898	1.235194	1.200493	1.05183	1.642063	1.591711
HMDB00044	0.011005	0.011005	0.011005	0.012804	0.884621	0.351061	0.683196	2.875963	3.370534	4.738949	6.34537	1.733724	13.341545	13.465601
HMDB00168	0.700059	0.642852	0.999202	0.982548	0.992857	0.456925	0.627412	1.691263	1.740636	2.292233	1.802223	0.795565	2.796704	3.905325
HMDB00191	0.415699	0.392402	0.453868	0.460636	0.611233	0.466062	0.502112	1.595806	1.510134	1.662662	1.651842	1.407426	1.172112	1.252548
HMDB00784	1.463801	1.375007	1.541481	1.874156	0.957722	1.587126	1.417922	1.319584	0.824506	0.694093	0.591091	0.802478	0.55742	0.559332
HMDB00056	1.702797	2.177163	1.107063	0.783265	0.832142	1.385828	1.840033	0.863863	1.455568	0.584076	0.761094	0.795226	0.724507	0.7764
HMDB01352	1.645548	1.440988	1.154418	1.182465	0.920953	1.21066	1.464955	0.15201	0.15201	0.331329	0.15201	0.353852	0.15201	0.15201
HMDB00415	2.164878	5.624046	3.583148	1.710653	1.18987	1.94756	1.253867	0.035338	0.81013	0.042267	0.027833	0.141239	0.063611	0.166257
HMDB00852	1.088667	1.000948	0.598553	1.588167	0.819951	0.598553	0.598553	0.718594	0.999052	0.598553	0.841036	0.598553	1.333039	0.942029
HMDB00043	1.520092	1.374395	1.389976	1.064742	1.640671	1.138156	1.174856	0.997862	1.379108	1.563124	1.282266	1.555826	0.747311	0.86183
HMDB01252	1.51135	3.023939	1.378605	2.83884	4.065478	2.068609	2.339833	0.330489	0.788763	0.800587	0.707853	1.592369	0.173228	0.173228
HMDB00468	1.044298	1.422769	1.323359	1.41716	1.134558	1.30501	0.656261	0.32705	0.739088	0.522358	0.32705	0.700949	0.484642	0.445725
HMDB0240296	0.65711	0.644092	0.626921	0.513534	0.590315	0.659813	0.553011	1.046835	1.215191	0.924582	1.066073	0.899645	1.014619	1.156363
HMDB02869	1.441829	0.664088	1.167936	1.784252	1	1.336102	0.624417	0.754344	0.824802	0.675387	0.534165	1.621761	0.697345	1.499699
HMDB00535	1.14206	2.80099	1.329137	1.087045	0.51067	0.913945	1.086055	0.325871	0.260164	0.535501	0.384278	0.603936	0.545671	0.322433
HMDB00062	0.852145	0.719019	0.72078	0.561457	1.100742	1.14684	0.933748	1.835681	1.508246	1.863427	1.858296	1.634539	1.652926	1.875673
HMDB0000957	0.720256	0.720256	0.824068	1.202634	0.992822	0.807827	0.720256	0.981517	0.720256	0.818964	0.720256	0.720256	1.007178	0.720256
HMDB00518	1.343086	2.024672	1.711056	0.979324	0.618258	0.631254	0.621509	0.217176	0.217176	0.217176	0.217176	0.217176	0.217176	0.217176
HMDB00619	1.580485	1.933595	2.389229	1	0.73296	1.103565	0.935272	0.210578	0.554839	0.210578	0.281695	0.210578	0.210578	0.210578
HMDB00067	0.742184	0.619164	0.734361	0.884663	0.916346	0.772659	0.769542	1.192418	0.986999	1.139643	1.195122	0.98445	1.256634	1.169957
HMDB00097	1.246073	1.219314	1.114336	1.394783	1.204145	0.94371	1.047117	0.776251	0.934236	1.00981	1.111972	1.01111	0.579934	0.569722
HMDB01565	1.013699	1.001995	0.871173	0.832653	0.817846	1.10438	0.87882	0.30123	0.358409	0.474896	0.413881	0.563767	0.226216	0.272146
HMDB00072	0.357056	0.634921	0.357056	0.428163	0.682943	0.544997	0.474562	0.687105	1.082479	0.5956	1.093179	0.878731	1.823035	0.735226
HMDB00094	0.272972	0.464929	0.34696	0.403592	0.598778	0.469821	0.376056	0.737071	1.281942	0.829972	1.291035	0.848221	2.336688	0.717524
HMDB00904	1.094669	1.348383	0.927339	0.82569	1.212068	2.00601	1.627483	0.827799	0.88964	0.483934	0.689055	0.525156	0.465904	0.347229
HMDB01547	0.335965	0.335965	0.335965	0.335965	0.474667	0.335965	0.590477	0.335965	0.335965	1.25202	0.335965	0.978946	0.796554	0.833319
HMDB00064	0.778063	0.739376	0.59092	0.708887	0.585015	0.624774	0.571999	1.163006	0.992432	1.082639	0.926644	0.992576	1.226464	1.243715
HMDB00574	0.692278	0.60342	0.574059	0.714288	0.693731	0.592139	0.652706	0.992	1.150622	1.300145	1.302315	1.008	1.307534	1.636195
HMDB00656	0.74346	0.734588	0.592689	1.211805	1.009769	0.946078	1.063846	0.027028	0.039127	0.02156	0.025378	0.0236	0.031128	0.043336
HMDB00089	0.351284	0.5684	0.393383	0.642249	0.358294	0.358403	0.39005	4.312325	2.047065	3.268099	3.216272	2.555333	2.869075	2.743923
HMDB01413	0.925357	0.718916	0.882278	0.913345	0.705476	0.747718	0.924096	1.368606	1.507851	1.882696	1.770822	1.702554	1.134699	2.34698
HMDB00095	0.874356	0.861341	0.405603	1.06018	0.872441	0.627942	0.884352	1.594339	1.295651	0.812522	1.492165	0.782181	1.993771	2.123008
HMDB01564	0.535242	0.637275	0.812393	0.606322	0.462836	0.36051	0.553108	2.066362	1.432556	1.007284	1.424428	1.143554	2.474727	2.542788
HMDB00630	0.376244	0.982222	0.201017	0.461034	0.52621	0.536305	0.539781	5.440647	2.08475	1.209625	2.72635	1.341061	2.636636	1.882095
HMDB03312	1.334995	1.456365	0.967071	0.659753	1.461659	1	0.725431	0.476878	0.476878	0.476878	0.476878	0.476878	0.476878	0.476878
HMDB01264	0.590113	0.590113	0.590113	0.590113	0.601772	0.590113	0.590113	1.73458	1	1.446191	1.838023	1.006705	0.715205	0.590113
HMDB01161	1.252362	1.023875	0.799579	0.718912	0.76929	0.61323	0.530999	1.710132	0.74102	2.175376	1.842504	1.864619	2.086652	1.776513
HMDB0005060	0.398073	0.37784	0.701821	0.682209	0.399298	0.463146	0.488904	0.875686	1.029643	1.359443	0.98974	1.037831	1.01026	0.788308
HMDB02925	0.635967	0.510182	0.777049	0.859257	0.656581	0.48933	0.626415	0.741354	1.243555	1.571226	1.459404	1.099782	1.510109	0.795211
HMDB00038	0.359265	0.359265	0.359265	0.359265	1.201452	0.359265	0.921089	1.229632	0.756348	1	1.967983	0.359265	1.588063	1.810865
HMDB01473	3.555439	0.661728	2.397645	0.565815	0.366465	0.366465	0.366465	0.366465	0.366465	0.366465	0.55064	1.686176	0.366465	0.366465
HMDB01539	0.602184	0.719625	0.514097	0.653311	0.65739	0.730951	0.623366	1.187779	1.70797	1.029375	1.136624	0.94142	2.086644	1.993111
HMDB00092	3.48436	2.193162	1.947939	1.421998	3.018198	2.774915	3.178147	0.232632	0.856237	0.962576	0.78843	1.019793	0.412893	0.558663
HMDB02183	0.848462	0.709054	1.141796	1.426864	1.189936	0.836133	1.223308	0.622965	1.386527	0.720164	0.631849	0.855691	0.869637	0.853543
HMDB01976	1.167473	0.752035	2.126468	2.213687	0.87699	0.637596	1.20305	0.157213	0.726061	0.190356	0.13009	0.334983	0.455394	0.407498
HMDB02823	0.394168	0.442879	0.780214	0.336571	0.336571	0.336571	0.336571	1.730915	0.829005	2.352257	1.241677	1.172463	2.201462	1.320805
HMDB01999	1.521147	1.200316	2.428216	2.616964	1.759985	1.412487	2.460482	0.376148	0.86506	0.568493	0.546987	1.028838	0.67205	0.575647
HMDB02231	0.422311	0.455415	0.827159	0.832887	0.499727	0.577981	0.540824	0.950822	1.010882	1.304112	0.989118	1.104076	0.911598	0.775931
HMDB03045	0.517652	0.701004	2.56829	0.391271	3.122442	3.107207	3.35166	0.49255	2.05569	0.488658	0.654382	1.091465	0.809766	1.152231
HMDB02994	1.676724	1.812561	1.493776	1.410353	1.028221	1.367792	1.426516	0.882189	0.841778	0.960408	1.032339	0.675201	1.058243	1.392269
HMDB00613	0.720526	0.656266	0.814041	0.797499	0.748545	0.779493	0.639287	1.326731	1.157206	1.316703	1.061978	0.823061	1.443762	1.53398
HMDB02649	1.46895	1.074593	1.7223	1.918652	2.51952	2.278479	2.697085	0.718611	0.749952	1.077016	1.294021	1.149642	0.679265	0.357952
HMDB00149	0.948255	1.702299	1.074338	1.103045	0.784402	0.657476	0.79607	3.4618	3.404541	1.633292	3.063757	1.630818	1.874467	2.078965
HMDB0029811	1.220182	1.026351	1.008368	1.127104	0.48999	0.991632	0.848866	1.542853	1.074617	1.098991	1.097148	1.261354	0.654724	1.299864
HMDB01248	2.159613	2.077802	2.199166	2.237005	3.576016	3.064045	3.221573	0.731448	1.001426	0.759076	0.708766	0.743679	0.675147	0.711686
HMDB00660	2.476238	1.887818	3.157633	2.456826	2.018384	1.750758	1.772999	0.694467	0.73643	1.019382	1.061756	0.980618	0.481902	0.371244
HMDB00124	0.420512	0.285402	0.386446	0.361266	0.681787	0.418736	0.587453	3.189669	0.911908	1.579272	5.363177	0.285402	1.810669	1.776332
HMDB00174	1.391686	0.517201	0.814556	0.517201	0.72487	0.808749	0.517201	1	1.570024	0.944684	0.517201	0.591428	0.889187	1.610509
HMDB00134	0.735551	0.589784	0.625898	0.681192	1.396149	1.110994	1.107689	1.073611	0.860377	1.174491	0.96231	1.088556	0.708588	1.180516
HMDB00112	1.145935	1.579254	1.45756	0.804385	1.581946	1.6264	1.526351	0.605022	1.306957	0.485389	0.245019	0.651153	0.266026	0.518788
HMDB0006248	0.080103	0.080103	0.080103	0.080103	0.080103	0.080103	0.080103	0.080103	0.080103	0.081471	0.080103	0.080103	0.221497	0.365624
HMDB0011737	1.2092	1.127291	1.276426	1.270775	1.248683	1.190653	1.099591	0.138837	0.176228	0.121553	0.201084	0.120468	0.504472	0.714493
HMDB11738	0.134236	0.134236	0.134236	0.134236	0.134236	0.134236	0.134236	0.154025	0.35682	0.289335	0.3213	0.226419	0.863919	1.136081
HMDB11170	0.504061	0.669216	0.372504	0.504688	0.479038	0.447888	0.536267	1.407943	0.892709	1.088166	1.286215	1.201163	1.435497	1.705893
HMDB11171	0.605594	0.387938	0.517363	0.532551	0.387589	0.384201	0.455365	0.602504	0.89972	0.690301	1.315358	0.587006	1.749739	2.524359
HMDB0034367	0.396227	0.396227	0.396227	0.396227	0.396227	0.396227	0.396227	0.553099	0.396227	0.396227	0.396227	0.396227	0.573809	0.951674
HMDB00594	0.425798	1.211335	0.315314	0.203949	0.203949	0.203949	0.203949	0.541704	1.503516	0.622907	1.460508	0.620058	2.62493	3.747858
HMDB0029159	1.36053	0.931253	1.107109	0.771146	0.505218	0.287347	0.287759	0.705329	0.65264	0.542526	1.033152	0.523775	2.174695	2.561945
HMDB0029160	0.594669	0.777647	1.414265	1.401376	0.946712	1.047937	0.9972	0.190701	0.190701	0.432374	0.740565	0.360248	0.781469	0.960091
HMDB0011741	0.782679	0.319221	0.319221	0.387759	0.732602	0.319221	0.319221	0.787039	1.158594	0.752877	1.357391	0.656272	1.919183	3.76347
HMDB11172	0.632721	0.566881	0.804883	1.099021	0.658957	0.445415	0.492684	0.917829	0.635119	0.603561	0.960961	0.607278	0.669277	1.334723
HMDB00625	1.334152	1.004229	0.951651	0.848498	1.178067	1.210433	1.405179	3.30123	1.596916	1.817652	3.721626	1.137789	1.45735	1.061943
HMDB00122	4.115348	3.966576	3.959051	3.74192	2.974899	3.214208	3.331823	0.674584	0.722941	0.946654	0.849033	0.996986	0.354298	0.253204
HMDB01401	0.21947	0.295603	0.225761	0.258586	0.644882	0.544969	0.477309	3.481755	0.945713	2.003245	4.251399	3.584802	2.438761	1.577919
HMDB00127	1.220316	1.039404	2.393764	1.306064	3.137478	2.938797	2.854813	0.665988	1.172425	0.651684	0.719595	0.588073	0.670327	0.91148
HMDB03339	0.46645	0.437774	0.511372	0.317141	0.495551	0.416997	0.476684	2.696392	2.827014	2.400097	2.289724	2.14302	3.346946	3.45356
HMDB00641	1.034703	1.107251	1.706908	1.699706	1.168327	1.239817	1.261989	0.712801	1.077291	0.624459	0.618389	0.529504	1.017994	1.071636
HMDB00661	3.483087	3.00176	2.759069	3.040933	2.438283	2.545441	2.775965	1.210931	0.381147	0.998174	1.001826	0.645448	0.566779	0.836417
HMDB13130	3.212816	2.727495	3.411466	2.516746	2.335852	2.040872	1.72225	0.205729	1.060256	0.205729	0.205729	0.232892	0.205729	0.245285
HMDB03337	1.319825	1.206004	1.173793	1	1.049096	1.0448	1.031884	0.002795	0.002795	0.002795	0.002795	0.002795	0.002795	0.002795
HMDB00125	0.937709	0.737608	0.513793	0.689277	1.605237	1.379483	1.353163	0.268012	0.308373	0.268012	0.268012	0.268012	0.28468	0.268012
HMDB00139	2.108431	2.431484	2.6119	1.111103	2.00845	1.462599	1.139895	1.001125	1.367546	1.019239	0.935673	0.744297	0.303456	0.523826
HMDB00131	1.330201	1.183066	1.355687	1.304217	1.006656	1.247527	1.081412	0.669896	1.066845	0.993344	0.894846	0.923905	0.907905	1.300576
HMDB02520	0.925127	0.48906	1.266896	1.086462	0.865154	0.493891	0.528848	0.843961	0.587843	1.793754	1.173469	1.752216	1.13267	1.167581
HMDB00126	0.774605	0.442336	1.110838	0.857702	1.002845	0.423621	0.532304	2.391383	0.96905	3.741553	3.626235	3.95073	1.596007	1.538064
HMDB00086	0.848917	0.713756	1.164366	1.145874	0.830763	0.592121	0.678691	0.764896	0.511152	1.211375	1.061627	1.25469	1.051104	0.869231
HMDB00123	0.881475	0.811007	0.892693	0.914918	1.061075	0.824276	0.892575	2.628216	2.68835	2.820312	2.749427	2.423157	3.114863	3.623608
HMDB00115	1.456589	0.789867	1.136665	0.955428	1.017506	1.144007	1.018891	2.057144	0.806482	1.426421	1.394542	0.495914	1.163119	0.731126
HMDB0028844	0.509335	0.470915	0.37099	0.37099	1.11718	0.37099	0.37099	0.514111	1.11739	0.924232	1.018278	1.001879	1.053399	2.158914
HMDB00759	1.045843	0.407879	0.957848	0.415601	1.123906	0.616394	0.685734	0.604138	1.322081	1.821483	1.723692	1.395611	2.650353	3.403735
HMDB00721	0.901639	1.368139	0.884574	1.201196	4.894806	2.408231	1.967967	0.902464	1.029487	0.970513	0.774845	0.77701	1.64348	1.15623
HMDB0028854	0.817419	0.528239	0.694253	0.972289	0.919258	1.123403	0.764517	0.790897	1.096868	1.066583	1.377565	1.056965	1.760296	2.00817
HMDB00133	0.502335	0.420744	0.856241	0.643797	0.375515	0.293347	0.293347	3.422439	0.779405	1.803481	1.80063	2.561028	8.211366	4.057203
HMDB01397	0.55265	0.177074	0.55087	0.404703	0.177074	0.208801	0.177074	1.473246	1.33351	1.125758	1.860519	0.971138	2.407916	2.139509
HMDB03466	1.231088	1.383598	1.437963	1.243801	1.01961	1.111057	1.166743	0.660748	0.905879	0.626268	0.634238	0.527953	0.820697	0.99491
HMDB03178	0.118327	0.118327	0.137059	0.118327	0.118327	0.141105	0.595094	0.118327	0.368091	0.912476	6.128827	0.584674	0.118327	0.118327
HMDB00714	0.674134	0.674134	0.674134	0.674134	2.341236	1.815083	1	0.674134	0.674134	0.842215	0.674134	0.674134	1.071813	0.674134
HMDB00177	0.73991	0.805177	0.764195	0.973132	1.040985	0.759763	1.089804	0.952088	1.485519	1.029533	1.009732	0.832637	1.082638	1.15843
HMDB00679	1.753349	1.194657	1.098012	0.68673	1.018404	0.941629	0.825205	1.429741	1.182336	2.170814	1.873094	2.437681	1.233245	1.356776
HMDB00719	1.331343	1.022173	1.138912	0.886441	1.172339	0.598292	0.648329	0.911054	2.128662	0.813589	0.977827	0.7366	1.582183	2.041627
HMDB0062555	1.175246	1.045739	0.87992	0.511	1.095395	0.904616	0.900491	1.134489	1.27661	0.824111	1.731217	1.615571	1.829742	1.877141
HMDB00965	2.248601	2.271175	1.631631	0.850042	3.987576	1.453471	1.882531	7.096806	1.033046	3.592102	3.231741	0.509565	2.272338	1.436383
HMDB00157	0.708828	0.720891	0.799741	0.989428	1.126893	0.927173	1.019614	1.315172	1.329294	1.115324	1.120604	0.916138	1.222384	1.308837
HMDB02320	0.127674	0.127674	0.127674	0.127674	0.127674	0.127674	0.127674	0.127674	0.127674	0.127674	0.127674	0.127674	0.127674	0.127674
HMDB00671	0.552908	0.552908	0.552908	0.552908	0.552908	0.552908	0.552908	0.552908	0.552908	0.552908	0.552908	0.552908	0.552908	0.552908
HMDB00195	1.37492	1.067601	1.571074	1.064923	1.0579	0.911143	0.9421	1.140388	0.722556	1.211189	1.284217	1.310309	1.276844	1.161992
HMDB00213	1.095758	1.025576	1.434315	1.397295	1.228408	1.175438	1.276588	0.942035	1.157398	0.834552	1.072259	0.754141	0.974424	1.057964
HMDB0003514	0.510702	0.077122	0.323268	0.077122	0.077122	0.077122	0.077122	0.891219	0.1479	1	1.156283	1.426493	1.221374	1.115207
HMDB0000618	1.127438	0.402954	0.840378	0.399817	0.164428	0.19014	0.152754	0.636873	0.447715	1.037082	1.242639	1.247417	1.28456	1.07797
HMDB00736	0.863226	1.004134	0.592795	0.715308	0.692428	0.549711	0.995866	0.712848	1.153043	0.643066	0.760121	0.911545	0.69168	1.066357
HMDB00172	0.819885	0.882567	0.869643	0.945294	1.08454	0.88334	0.857596	1.24133	1.512782	1.452081	1.283796	1.254923	1.345478	1.734439
HMDB00688	0.226772	0.477802	0.226772	0.371626	0.911708	0.49105	0.621183	0.890801	1.581883	1.019958	1.325001	0.945335	0.630409	0.748479
HMDB00678	0.518146	1.841643	0.722415	1.080477	0.518146	0.833114	0.518146	1.631308	0.518146	0.518146	0.619886	1	1.35715	0.604079
HMDB00684	2.555257	2.809087	0.842742	2.725764	1.436154	2.21393	1.832308	0.284964	1	0.284964	0.284964	0.284964	0.289641	0.767026
HMDB00190	1.254313	1.120681	0.99489	0.899555	0.712401	0.958912	0.903857	0.937416	0.862622	1.205795	0.995211	1.233375	0.999854	1.323616
HMDB02250	0.362495	0.362495	0.967905	0.798693	0.823741	0.60158	0.362495	0.362495	0.362495	1.275993	0.899993	1.204496	1.434682	1.049741
HMDB00687	0.972907	0.841659	0.8909	0.856753	1.258587	0.889412	0.885155	1.240681	1.454496	1.459446	1.653881	1.282508	1.320844	1.591034
HMDB00673	0.865386	0.664687	1.186647	1.044278	1.261706	1.320539	1.109796	0.798423	1.30407	0.955722	0.873722	1.255822	0.922853	0.859352
HMDB01388	0.80443	0.526633	1.602831	1.177646	1.331048	1.3633	1.384499	0.829051	1.970969	0.873663	0.798671	1.274928	1.199618	1.320169
HMDB00182	0.960768	0.806737	0.787113	0.893867	1.259588	1.073774	0.946818	0.952223	1.197205	1.102086	1.123133	1.022527	1.072161	1.280725
HMDB00156	0.882964	0.760239	0.811799	0.630611	0.843777	0.709836	0.757185	1.242337	1.328019	1.876489	1.114201	1.594226	1.011537	1.289675
HMDB02095	1.721738	1.665465	1.940933	1.430496	1.302509	0.57761	0.744699	0.755615	0.682701	0.543291	0.49701	0.606419	0.964151	1.029173
HMDB12253	1.296036	0.703964	1.30612	0.138784	0.138784	0.138784	0.138784	0.138784	0.138784	0.352444	0.138784	1.591526	0.138784	0.138784
HMDB12254	3.604852	2.7624	4.317193	0.218155	0.218155	0.218155	0.218155	0.218155	0.218155	0.615744	0.301127	2.67059	0.218155	0.218155
HMDB00163	7.200812	7.300675	7.664464	2.578054	5.190472	6.366456	3.793007	0.169364	0.052844	0.849872	0.568162	1.339719	0.112849	0.039946
HMDB01296	12.914224	11.262102	14.762587	0.394243	1.293207	1.604286	0.622176	0.043446	0.098905	1.537382	0.87988	5.548777	0.043446	0.043446
HMDB01262	9.736587	8.951298	11.675456	0.199051	1.881221	2.601254	0.809068	0.068953	0.010938	1.250165	0.808971	2.981723	0.044163	0.010938
HMDB00765	1.388239	0.370642	0.370642	0.964395	0.370642	0.370642	0.370642	1.415108	0.370642	0.631212	0.85523	0.370642	1.630841	1.164345
HMDB00169	1.65937	1.260914	1.970637	1.799394	2.108086	2.061385	1.683037	0.608149	0.723495	1.209992	1.009262	1.440796	0.438573	0.396303
HMDB01078	0.077597	0.077597	0.151007	0.077597	0.403969	0.266999	0.077597	2.789771	0.864661	2.290843	4.40924	3.484024	1.868425	1.621573
HMDB02259	0.895895	1.027142	1.09492	0.890482	1.369228	1.167343	1.229983	0.757452	1.047991	0.972858	0.805596	1.13469	0.464807	0.708163
HMDB00696	0.655443	0.626279	0.703688	0.703676	1.204379	0.918596	0.885206	1.462615	1.660123	1.357108	1.572899	1.125479	1.748666	2.024638
HMDB00552	0.964268	0.453957	1.406813	0.794344	0.40882	0.300678	0.237144	0.108677	1.754732	0.175505	0.148165	0.408936	0.524058	1.005225
HMDB0061711	1.1906	0.740668	1.348283	1.239739	1.233504	1.167793	1.099068	0.781132	0.87775	0.960459	0.86184	1.085432	0.738199	1.004314
HMDB00211	0.821823	0.764116	0.90146	0.914285	1.160657	0.87862	0.862767	1.834766	1.690457	1.657917	1.941108	1.414939	2.066843	2.111418
HMDB00806	0.58084	0.650281	0.805077	0.871763	1.079382	0.847196	1.142214	1.100168	1.111268	1.009185	0.990815	0.860918	0.8969	0.89834
HMDB02000	0.690699	0.581019	0.602177	0.640664	1.0339	0.936294	1.493129	0.819168	0.54721	1.502363	0.481954	0.653317	0.9661	0.790942
HMDB00766	0.534035	0.534035	0.534035	0.785246	0.668969	0.645225	0.770968	1.342801	1.328046	1.348974	1.255636	0.902876	1.313433	1.547733
HMDB06028	1.104815	1.211623	1.232244	1.382725	1.340234	1.062817	1.157405	0.351679	0.577536	0.351679	0.395784	0.351679	0.351679	0.351679
HMDB02817	0.212016	0.290266	0.243235	0.379093	0.514719	0.212016	0.212016	1.439854	0.751249	1.986775	2.238648	2.093549	0.567983	1
HMDB01138	1.09859	1.123957	0.36589	0.332419	1.026324	0.96692	0.362622	0.332419	0.332419	0.332419	0.332419	0.332419	0.332419	0.332419
HMDB06029	2.083584	1.740837	1.635554	1.969326	1.209323	1.199203	1	0.126759	0.215492	0.126759	0.126759	0.126759	0.126759	0.126759
HMDB00532	1.151331	0.644274	1.02923	0.809608	1.586722	0.87329	1.358831	1.057249	1.562684	1.60775	1.704524	0.597961	1.487791	1.404588
HMDB11745	0.486066	0.468138	0.71409	0.620117	0.737151	0.711254	0.610039	0.645573	0.853404	1.000513	1.139636	0.821467	2.224694	2.139934
HMDB03357	1.710001	1.191627	1.046016	0.912977	0.628364	0.460653	0.57293	0.566933	0.521373	1.069876	0.878746	1.508886	0.807708	0.573343
HMDB02931	0.314638	0.528753	0.373201	0.314638	0.314638	0.466878	0.314638	1	0.95708	1.136021	1.189225	1.045756	0.940787	0.992506
HMDB0062557	0.561512	0.561512	0.561512	0.561512	0.931791	0.767747	0.843262	1.633418	1.701232	1.008001	1.125086	0.691173	1.383943	1.895926
HMDB0062659	0.988506	1.184937	1.183694	1.521801	1.461487	1.222933	0.969845	1.097772	0.996264	0.723599	0.945546	1.023969	1.218501	1.037531
HMDB00833	1.191391	0.892363	1	1.0583	0.598918	0.971085	0.837191	0.514264	0.612742	0.551983	0.60554	0.400551	0.696088	0.463963
HMDB03331	0.340753	0.199338	0.199338	0.45563	0.392538	0.199338	0.370826	1.843776	1.521249	1.970708	2.119628	1.826675	1.607788	2.151818
HMDB00446	2.776681	2.693083	1.952475	2.444614	1.381878	1.443189	1.169962	0.630926	0.447175	0.621599	1.259667	0.942937	0.580594	0.748378
HMDB00206	0.510134	0.996358	0.723881	0.816722	0.972829	1.241368	0.955983	0.845503	1.38389	1.286113	1.335871	1.079933	1.259942	1.434914
HMDB01406	2.185023	2.030434	2.709776	2.140496	2.811621	2.149439	2.426733	0.747878	0.928404	0.644258	0.874853	0.814289	0.760409	0.795773
HMDB00902	2.146418	2.300645	3.116361	3.211769	4.509831	3.688365	4.317518	0.577215	0.832409	0.565615	0.655455	0.487076	0.733195	0.512586
HMDB00772	1.293458	0.88624	1.36121	1.149484	0.812805	0.863133	0.823415	1.281688	1.024813	0.847399	0.439349	0.620219	0.982727	0.818139
HMDB00207	0.628193	0.537399	0.911102	0.942394	1.11031	1.206506	1.118427	1.010097	1.214305	1.278994	1.107196	1.067575	0.989903	0.93636
HMDB05065	0.994224	2.024098	1.592613	0.461832	0.515265	0.513638	0.440073	1.049105	0.306789	1.060614	1.102755	1.20237	0.240948	0.242371
HMDB05765	0.702395	0.393747	0.50425	0.257617	0.256643	0.238351	0.197403	0.018789	0.018789	0.018789	0.018789	0.018789	0.018789	0.018789
HMDB03374	0.984705	0.815102	0.68499	0.541749	1.007833	1.003088	0.996912	1.015293	1.31257	1.034512	1.152415	0.77551	0.757916	1.015519
HMDB00226	0.78394	0.501047	0.279425	0.279425	0.462845	0.368394	0.279425	0.553974	0.471827	0.279425	0.473741	0.279425	0.745574	0.42846
HMDB0002329	0.819371	0.96149	0.856967	0.848704	0.696211	0.748757	0.829071	1.253525	1.896179	2.205648	1.53054	2.337542	2.059565	2.010514
HMDB0011635	0.751751	0.751751	0.751751	0.751751	0.918564	0.751751	0.751751	0.751751	1	0.751751	0.751751	0.751751	0.751751	0.751751
HMDB00220	0.961943	0.840402	1.259574	1.209911	1.346047	1.290064	1.331241	0.823579	1.181457	0.924203	0.883079	0.822088	0.957524	0.841945
HMDB03229	0.607429	0.467889	1.346489	1.249677	1.695774	1.739173	1.908694	1.066729	1.467466	0.974385	1.151179	0.851024	1.137501	1.155764
HMDB0010169	0.403677	0.312192	0.441099	0.450558	0.757628	0.78492	0.720001	3.708935	2.596834	2.690322	2.7413	1.953692	4.17935	4.389297
HMDB00222	0.228187	0.563227	0.27516	0.422616	0.351548	0.184295	0.184295	1.721551	0.518474	2.462687	2.690895	2.901921	1.419028	1.388462
HMDB00210	0.656582	0.71436	0.654749	0.678937	1.165393	0.931136	0.862716	1.412368	1.08523	0.888109	1.40034	1.294551	1.193052	1.208737
HMDB00826	1.174055	0.516401	1.015333	1.441432	1.155372	1.06716	1.077701	0.849799	1.029299	0.516401	1	0.578882	1.121935	0.829528
HMDB0060015	0.316655	0.316655	0.546392	1.084378	1.425846	0.620017	0.494623	0.524667	0.377561	0.316655	0.376306	0.316655	0.316655	0.316655
HMDB00821	1.413321	0.881413	0.839708	0.983753	1.702008	0.824181	1	0.824181	0.824181	0.824181	0.824181	0.824181	0.824181	0.824181
HMDB00159	0.881418	0.791192	0.834844	0.757708	1.216722	0.876427	0.92279	1.201156	1.560646	1.311643	1.488852	1.237961	1.407964	1.528572
HMDB01429	1.096263	1.015455	1.115944	1.101442	1.07337	1.065904	1.079057	0.947438	0.884921	1.003186	0.977316	0.896094	1.00129	1.05964
HMDB00263	1.113525	3.038092	2.440875	0.576086	1.879424	2.428607	1.538239	0.882401	0.941405	1.213843	1.563783	0.951205	0.281874	0.281874
HMDB00224	0.433118	0.455616	0.430948	0.490471	0.517999	0.632212	0.643523	4.458055	4.651899	1.008876	2.473396	0.911967	6.969036	5.886486
HMDB00816	1.157276	0.843467	1.137896	1.052103	1.104405	0.866667	0.662142	1.373923	0.947897	1.241162	1.935774	1.704829	0.752103	1.947658
HMDB00070	1.140332	0.980404	0.859394	0.949439	1.007547	0.992453	0.833328	0.708637	0.584388	0.790413	0.937847	1.117203	1.098071	1.215172
HMDB06695	1.597503	1.77017	0.876525	1.094476	0.307319	0.40432	0.298981	0.572457	1.045785	0.42498	0.677876	0.425288	0.717513	1.391736
HMDB00162	0.799411	0.720089	0.609443	0.701923	0.72212	0.673854	0.645499	1.253832	1.440141	1.180302	1.336454	1.113075	1.508638	1.687001
HMDB00824	1.067412	0.83867	0.723631	0.399308	0.603472	0.830793	0.55112	2.087028	1.685569	2.949675	2.605087	2.569592	1.516582	2.315769
HMDB00767	0.171098	0.171098	0.171098	0.239661	0.275388	0.315006	0.298446	1.718548	1.513035	1.472124	1.800158	1.081212	1.741504	1.850786
HMDB01414	0.08883	0.137164	0.309746	0.176506	0.216422	0.29458	0.227919	0.746921	1.019122	1.014823	1.656331	1.564413	0.274898	0.391468
HMDB00017	2.497677	3.79621	2.696523	3.0528	2.441216	1.756541	2.593766	0.295312	0.295312	0.295312	0.295312	0.295312	0.295312	0.295312
HMDB00243	2.899688	6.139968	12.004183	8.784569	3.441575	4.26276	4.879362	0.171608	0.259387	0.332803	0.354471	0.360778	0.171608	0.277339
HMDB00508	2.792329	4.161062	0.334695	4.82485	3.004964	3.662604	3.491909	0.779079	0.934658	1.449097	0.801838	0.985115	0.812778	0.959254
HMDB00244	1.679236	1.02669	1.255678	1.842014	1.499362	1.452108	2.193741	0.805408	1.040463	0.828438	1.036167	0.505446	0.261991	0.604494
HMDB00283	4.694053	3.957139	5.412981	4.99977	3.481493	2.2775	3.116512	0.550436	0.780072	0.708277	0.523252	0.515228	0.501292	0.608387
HMDB00618	3.421594	0.176513	3.336631	1.388555	0.983988	1.055225	0.766642	0.176513	0.176513	0.74439	0.547221	1.222387	0.185413	0.636333
HMDB00621	4.068688	3.371524	3.94668	4.224144	2.946613	2.220722	2.678863	0.596882	0.875421	0.814297	0.751756	0.458339	0.591037	0.726505
HMDB00939	3.648971	3.06573	3.867861	3.730872	4.053189	2.73138	3.193252	0.493898	0.535388	0.783218	0.682176	1.005658	0.652782	0.793516
HMDB01185	0.572706	0.432565	0.927093	0.525441	0.457572	0.395727	0.449183	1.634315	1.427908	1.675092	1.644522	1.541726	2.254397	2.666972
HMDB0060507	1.284674	0.907773	1.157571	0.818461	1.074548	1.101163	0.948763	0.069246	0.069246	0.069246	0.069246	0.069246	0.069246	0.069246
HMDB00271	5.916401	3.493376	1.475162	2.034756	2.482814	3.625557	3.391493	0.404548	0.247202	0.362192	0.376001	0.357769	0.95135	0.966166
HMDB06088	1	0.849792	1.361856	1.110026	1.067836	0.771751	0.672104	1.738302	1.882991	1.657591	1.143819	1.354107	0.537988	0.811315
HMDB01068	0.300662	0.775703	0.466642	0.300662	1.231808	0.496479	0.300662	0.930781	0.300662	0.300662	3.164246	1.270982	0.852955	1.360284
HMDB03406	0.556721	0.557834	0.628288	0.615394	1.092706	0.711621	0.751819	2.030483	2.081197	2.354626	2.396435	1.911648	2.332128	2.355345
HMDB00247	5.069444	5.2961	3.269351	3.954077	1.158363	2.509546	2.466551	1.429478	0.978559	1.027548	1.021441	0.530788	0.903128	1.143788
HMDB01257	1.134457	0.856938	0.776432	0.705461	1.011307	0.726755	0.664527	0.971859	0.871214	1.01249	1.136029	1.158823	1.153257	1.116138
HMDB00269	0.647087	1.086369	0.571207	0.706642	0.327329	0.327329	0.327329	1.10924	1.311938	0.748313	0.815545	1.47544	0.742067	0.953003
HMDB00252	0.540834	0.51426	0.498622	0.523633	0.353916	0.150587	0.164403	7.373405	2.763906	4.153193	4.186687	3.830129	2.931023	3.870155
HMDB00256	1.022342	0.754581	1	1.354976	1.211807	0.646539	0.982434	0.974086	0.753295	1.347467	2.198388	0.879187	1.570627	1.021289
HMDB04827	1.756605	1.809207	1.419164	0.861673	1.864807	1.361193	1.053999	0.58002	1.203754	0.770194	0.918847	1.547301	0.919378	1.165125
HMDB00827	0.692844	0.817697	0.769237	0.865479	0.991557	0.871811	0.915161	0.883676	1.154791	1.185455	1.008443	1.101768	0.867373	0.795018
HMDB06547	0.794782	0.591155	1.710561	1.274376	1.145149	1.400959	1.117185	0.593635	2.551931	0.788486	0.670115	1.185388	1.728942	2.062732
HMDB01348	0.519108	0.341153	0.623714	0.433951	1.523093	1.672703	1.238747	1.610879	1.917207	2.413479	1.897815	2.330473	1.399723	1.734084
HMDB00848	0.029674	0.058091	0.029674	0.029674	0.029674	0.029674	0.029674	0.974869	0.537723	2.496524	1.586495	3.32155	1.025131	1.558581
HMDB00254	0.574048	0.596591	0.916862	0.701866	1.083138	2.530552	2.625138	0.526324	0.670213	0.73648	0.334545	0.640917	0.366988	0.462831
HMDB0061717	0.253133	0.238463	0.30338	0.124899	14.901685	15.579985	12.523468	1.164539	1.201474	1.98521	1.635225	2.002692	1.162311	1.191945
HMDB03418	0.481653	0.481653	0.481653	2.199824	0.481653	3.143142	1.754309	0.481653	0.745791	0.964095	0.481653	0.481653	0.875172	0.481653
HMDB00251	0.790655	0.738505	0.855491	0.798055	1.125502	1.331474	1.288152	1.28739	1.229957	1.248543	1.305957	1.2997	1.218157	1.212676
HMDB00932	0.357492	0.826229	0.728077	0.235332	1.254478	1.270975	1.002018	0.552592	0.763617	2.72491	1.047411	3.972433	0.498625	0.41569
HMDB00951	1.501615	1.829534	2.012971	0.864327	4.579739	4.071556	2.929295	0.297999	0.804227	0.506067	0.590473	0.351648	0.133251	0.120268
HMDB00036	0.572522	0.631004	0.801543	0.366073	0.752658	1.142762	1.106706	0.60834	0.903613	2.347526	0.943097	2.308249	0.389442	0.520026
HMDB00896	1.326831	1.064011	1.878754	1.650158	0.123711	0.123711	2.295027	1.564468	1.578521	2.314703	2.330867	0.956908	0.629122	0.473711
HMDB00235	1.595094	2.376182	2.53149	1.942005	1.73971	1.548303	2.443506	0.607253	0.677725	0.448379	0.288653	0.420226	0.485782	0.377917
HMDB04136	0.503196	0.503196	0.503196	0.503196	0.503196	0.503196	0.503196	0.503196	0.503196	0.503196	0.503196	0.503196	0.503196	0.503196
HMDB00943	0.152578	0.148293	0.225327	0.267597	1.005617	1.308061	1.426432	1.136411	0.824557	0.525663	0.844653	0.64638	0.289847	0.379594
HMDB00167	0.799029	0.674081	0.645628	0.671752	1.026112	0.657159	0.755213	1.310628	1.466485	1.530897	1.590326	1.071006	1.50453	1.66867
HMDB00273	0.257153	0.257153	0.257153	0.257153	0.257153	0.257153	0.257153	1.347124	0.553466	1.540577	1.341557	1.120466	0.879534	1.275236
HMDB00262	0.480997	0.604339	0.273944	0.434428	0.817818	0.805361	0.404084	4.818337	7.895717	3.141704	4.231897	3.621317	3.362693	6.409053
HMDB02366	1.290818	0.453209	1.721346	0.955564	4.859187	3.605302	4.126573	1	1.351921	0.553755	0.482293	0.453209	0.453209	0.453209
HMDB00725	1.678326	1.379902	0.553114	0.552095	0.258045	0.326838	0.258045	0.663051	0.582898	0.595131	0.676958	0.620224	2.118799	1.724169
HMDB00875	2.147123	1.994718	1.6908	2.057195	1.190324	1.385217	1.259417	0.44178	0.474623	0.254582	0.544859	0.322733	0.315125	0.664106
HMDB00929	0.667452	0.665589	0.667826	0.628528	1.046009	0.839271	0.824859	1.1258	1.522981	1.392452	1.465719	1.243914	1.431592	1.780452
HMDB00158	0.764539	0.620504	0.804891	0.884636	0.437278	0.488057	0.375719	1.891333	2.244683	2.010967	2.195807	1.936337	2.109572	2.440316
HMDB000302	0.32732	0.258775	1.251218	1.112176	0.402658	0.53142	0.258775	0.528824	0.450037	0.258775	0.258775	0.258775	0.969239	1.543239
HMDB00935	0.168326	0.168326	0.168326	0.168326	0.168326	0.168326	0.168326	1.812298	0.168326	1	0.965741	1.144549	2.226748	1.808194
HMDB00300	0.482761	0.47086	0.365403	0.560658	1.094883	1.070587	1.031056	0.947725	1.135463	1.015415	1.089815	0.74088	0.929266	0.939859
HMDB00294	1.152574	1.23762	1.169989	0.762772	1.55491	0.876106	0.955603	1.490721	0.722331	0.770164	1.264336	0.442489	0.827748	0.912601
HMDB00296	1.118816	1.107978	1.191815	1.084359	0.861209	0.791025	0.813862	0.919844	1.004736	1.085533	0.910843	1.047782	0.881313	1.065845
HMDB00927	3.14434	3.170913	2.004182	2.01183	0.843639	0.85362	1.165514	0.843639	0.843639	0.843639	0.843639	0.843639	0.843639	0.843639
HMDB00883	0.913486	0.834322	0.743935	0.894829	1.144214	0.885623	0.846615	1.087879	1.308433	1.157793	1.326771	1.037567	1.160448	1.380972
HMDB00292	0.873396	0.992656	0.821722	1.143202	1.441056	1.247922	1.459498	0.941474	1.242769	0.869356	0.922295	0.667332	0.946701	1.21277
HMDB00299	5.546455	5.617832	3.262283	4.273257	2.593058	3.732191	4.857185	0.236633	1.154489	0.846356	0.635025	0.628835	0.249219	0.802165
HMDB00568	5.861572	6.596938	4.202796	4.880928	2.00823	4.152277	4.080538	0.527788	1.047498	0.675817	0.259341	0.532312	0.44743	0.397591
HMDB0059750	2.277062	3.125611	3.62657	3.70983	3.618944	4.357527	3.775126	0.4124	1.095241	0.231115	0.442494	0.392382	0.631778	0.752663
HMDB00654	1.514705	1.071339	1.453972	1.563174	1.224984	0.949086	1.310301	1.088466	0.666492	1.050914	0.848691	0.653071	0.800946	0.750519
