Gene	 Normal Control 1 	 Normal Control 2	 Normal Control 3	 Normal Control 4	 Myc Tumor 1 	 Myc Tumor 2	 Myc Tumor 3	 Myc Tumor 4
Xbp1	4551.101353	6454.099035	7601.139519	7236.116902	3010.943665	4234.570696	3558.36799	4096
Wt1	84.33151691	83.74899657	92.09174912	94.35322991	79.01200684	77.60082042	74.8536105	74.38810288
Bcor	935.763405	1043.344585	1049.146187	760.0760682	2085.243289	1359.631522	1716.197652	1801.521307
D2Wsu81e	451.0051196	535.9668644	622.530193	653.9334447	2021.205086	1570.491044	2132.012232	1838.100584
0610039J04Rik	939.0121402	788.5180664	698.9279836	822.5730527	826.0011614	949.4840795	1272.103201	1054.980049
A530098C11Rik	58.76967439	59.87990386	76.37348755	55.3303828	57.80009665	54.41754624	62.46603269	59.01459955
Pwp1	794.0026433	834.0557446	898.8895208	752.7359162	1967.298281	2385.374385	2523.132054	2663.30142
Coq5	2123.163855	2239.560617	1990.617063	1713.820145	1480.63467	1494.036833	2015.608877	1493.001604
Rif1	312.779034	188.3144635	154.1295848	127.3804444	547.9878136	285.2335746	286.4222979	181.8997815
8030443D09Rik	64.89340671	74.43968266	66.90304641	68.40358344	57.16261455	68.4984767	62.46603269	66.85668882
Pax7	58.76967439	56.21954997	55.71523605	54.41754624	56.33657687	62.16367971	57.68002961	58.64759326
Pax5	63.3819438	59.87990386	63.6460908	56.80712559	73.87426672	63.42589205	63.29413865	71.75462899
5830415F09Rik	261.5603412	225.9719671	307.1926739	224.8781999	368.1117524	380.3015477	386.1452996	405.3431633
Ssty2	62.5960623	52.85617056	54.0416568	64.1776919	57.00434564	60.88436969	54.30450571	53.03967389
Satb1	61.81992505	68.78394706	63.6460908	64.1776919	56.76776353	62.16367971	57.68002961	66.02772348
2810422O20Rik	230.7201184	258.4963322	271.3479125	229.9218875	251.079425	280.916976	313.8649242	296.3174955
Setdb2	139.198514	108.3834	78.95725887	140.458488	93.5716767	78.62956675	70.96324119	81.79835924
Prmt3	192.4046692	333.3745125	273.0459599	321.1269644	544.2025853	853.9453889	965.4113648	910.1749055
Ing4	5427.228742	5077.842739	5618.61955	5828.867937	3953.733734	3304.004646	3095.592813	3912.838907
Phf1	546.0919198	500.7684984	591.8139938	655.749049	223.9448998	232.6471978	247.9662564	205.6432632
Aof1	1771.799942	1885.851028	2324.975825	2304.119777	1552.093764	1610.173014	1391.089955	1498.18493
Zcchc4	150.7485171	132.7897519	168.4293792	166.6872563	168.6630338	155.7404619	146.7279598	167.1500527
Setd3	8810.450047	7967.989329	8260.42331	9165.513532	5947.221114	5922.538678	5614.726369	6161.218566
Mettl2	359.0398082	415.8732269	412.428437	374.0273609	455.0874528	442.9499856	590.5846298	495.5888778
1200011O22Rik	670.4565366	727.5991261	714.1087572	841.6053118	1453.182317	1375.747508	1549.943596	1524.372741
Ccdc101	1095.975627	1380.523757	1491.967093	1603.490399	1665.800598	1295.236651	1796.533348	1502.344544
Rab3d	311.9130275	336.6253466	352.8717192	317.3651712	622.0988375	895.1589073	560.278375	698.4436915
Rag2	57.92041362	55.3303828	57.48047186	54.64433372	57.64006271	59.38390249	59.30163596	59.34275497
Hist1h1b	154.4504217	120.7600961	137.663282	122.9561426	683.1222629	297.3462354	278.2041248	302.3341213
Gsk3b	161.5682601	170.4258065	154.1295848	157.2591335	142.0248924	127.5571536	132.4220904	149.8110261
Parp1	1810.283584	2211.791995	1762.002187	2315.326601	7606.410054	7092.113945	8557.656169	9102.202705
Ftsj2	356.3126763	558.7271051	563.7844982	580.4387393	494.2167167	563.393848	571.258533	593.0459168
H2afy	2312.119101	1889.776625	1785.360875	1623.621912	2422.028289	2262.967265	2460.950629	2018.405042
Whsc1l1	156.4979555	149.1892734	123.2120887	129.3377852	147.2373623	136.4283822	143.0127537	136.6176433
1190005F20Rik	456.6674019	467.2335301	582.8577429	552.5648571	430.8374949	472.4441562	429.6446142	493.5320616
Mllt1	137.282127	113.2211757	119.9259452	138.6208058	145.9165789	149.396237	152.5353695	161.0092764
LOC382133	60.21287088	54.41754624	147.9534984	62.5960623	59.9629726	63.42589205	64	59.01459955
Ctcf	1019.043555	996.6892791	870.6807399	1118.229039	1436.159233	1096.735563	1339.055461	1260.691879
Nop17	2324.975825	2840.639425	2793.774766	2870.328216	3278.908664	3288.012344	3413.414737	3555.902372
Htf9c	2882.290433	2981.866596	3112.806106	3189.246735	8713.278856	9403.616574	9796.155775	10742.1861
Rab3b	54.15415018	61.64876122	63.6460908	62.5960623	58.40419127	56.21954997	55.94743171	51.94813318
Suz12	1173.010328	835.2127932	742.3727784	671.8521624	3019.303357	2286.618546	2569.015715	2365.615687
Trim28	3055.091767	3531.33996	3127.946236	3570.721749	9058.145512	10176.8256	10945.11885	11473.35738
G430022H21Rik	394.5324075	424.0233786	411.5717073	447.8897996	768.5524979	625.9918222	807.3217782	744.4339289
Spin	6195.478517	6557.817329	7316.814662	6975.108774	5828.867937	5238.724941	5630.315297	5889.788039
Mael	57.12300617	60.84218248	62.24991663	58.32328196	52.74637344	56.21954997	55.94743171	55.56097457
Ehmt1	2768.713386	2280.287474	1694.918279	2175.302014	4107.372281	2894.302503	3444.311717	3468.268799
Wdr5b	181.3961468	192.1381245	228.333701	160.2299467	179.7689441	171.6112117	205.0738887	199.7428429
1700011E24Rik	74.38810288	70.47306228	76.37348755	77.92422519	58.93284462	65.57163667	65.39008529	67.74300127
Jmjd2d	55.63805185	59.87990386	60.8000245	65.43542596	51.19744821	57.92041362	59.30163596	61.43547271
Grhl2	55.63805185	61.64876122	63.6460908	66.94943615	51.05569535	49.45347518	60.96883187	55.56097457
Mgmt	161.5682601	125.2789313	139.198514	135.6739563	112.4390999	101.4763695	91.32892837	106.0058447
Suv39h1	231.6816545	222.3979994	236.5497785	249.8641308	968.7630302	724.5794101	1047.692769	984.3311907
1300018I05Rik	2652.248062	3095.592813	2670.695906	3251.748581	2190.432436	1795.288517	1967.298281	2031.035865
Gtl2	129.9668609	128.3553838	158.0240137	168.1960483	896.4007216	1672.742894	1052.059074	1137.775338
2310003L22Rik	310.1882011	299.414442	364.8096292	298.7924741	407.8797293	434.1350219	462.4007732	460.4816958
Mll3	60.21287088	56.21954997	52.38202762	55.3303828	67.32171387	59.46628315	55.94743171	62.37949638
9630042H07Rik	75.89852796	72.00374302	77.7084726	69.74413518	56.76776353	70.37543356	70.96324119	64
Brca1	189.0992721	178.5271893	256.5328909	225.3463075	1257.20134	1202.649059	1342.773263	1417.369309
Pemt	11159.61782	10892.14143	12348.08758	10653.20568	2483.226253	2930.639913	5014.881863	3138.805679
Tdrd5	62.5960623	63.51387998	72.65549454	77.92422519	54.64433372	69.4546798	66.85668882	65.20903658
Pcmtd1	13409.79907	10219.23797	9351.616161	12953.01209	2936.740348	3061.451261	3106.339933	3278.908664
Asz1	57.12300617	60.84218248	57.48047186	55.3303828	59.42507855	57.92041362	52.70982511	58.04098105
Ptgs1	871.8885967	1351.176101	1132.268189	1396.887383	715.0994086	1007.804439	844.5271538	947.5117343
Rg9mtd2	258.4963322	253.1765546	336.6253466	303.1735326	261.5603412	336.3920966	341.5611314	369.6458741
Setd4	628.1651084	606.7674987	831.7464539	564.9580749	400.0398746	538.9471512	526.029537	496.6204981
Inmt	93780.47722	90272.56624	101140.4096	116421.6626	1237.317472	7538.177234	1544.581199	1495.072779
Usp9x	472.4441562	653.0275285	549.8902895	647.1695864	437.4577873	414.1472504	459.8437749	471.7896633
Rab6	6970.275672	7449.872399	7206.08523	8358.335769	5282.481155	6472.018427	5704.955825	6571.468115
Pik3ca	337.3260676	224.8781999	411.8570859	399.4856858	222.8609442	279.9450771	226.1286532	222.8609442
Setd7	53.44562684	54.41754624	54.0416568	56.80712559	63.46987077	54.41754624	59.30163596	58.04098105
Ing2	267.9834322	184.9510909	222.2438983	219.9451533	233.6167651	200.9927984	192.8051797	197.9510624
Trmt12	71.16026608	84.85924866	76.37348755	69.21438486	101.3357908	76.69177737	68.26148997	84.74169027
Ftsj1	1454.189935	1701.981925	1830.472013	1509.651679	2540.681826	2514.402681	3165.022411	2730.595691
Msh6	1335.347953	1697.269564	1488.867858	1937.52606	3521.562568	3453.874628	3972.963985	3995.05597
Prmt5	1316.963823	1403.681592	1227.919272	1118.229039	4463.624652	4448.181683	5326.60284	4870.992343
Arid4b	693.1385749	476.7205478	454.7721195	541.9440102	556.0227104	400.0398746	426.3811947	421.6786008
Comtd1	1657.737659	1647.428344	1427.227892	1540.304641	9235.664176	6836.300031	8689.153977	6548.732562
Gsk3a	110.5074635	110.0488302	118.1110391	127.3804444	107.4111535	132.8818266	127.2921816	130.4180732
Thada	80.84014476	68.78394706	73.97674922	66.94943615	68.02532316	79.39630705	77.54705027	79.78247643
B130055D15Rik	261.5603412	224.8781999	263.7450121	258.3172183	436.8517622	449.4447604	566.1340945	574.8333681
Mov10l1	54.15415018	58.04098105	60.8000245	50.98496616	68.02532316	52.74637344	59.30163596	50.84380161
Bhmt2	37981.25615	39184.6231	39704.08974	38245.43668	10772.01109	27977.89887	14572.89615	16856.29678
Cbx2	312.779034	297.9651928	379.7747031	371.4437652	290.2193697	177.539964	215.8671642	256.3551375
Btg1	14562.79849	11633.51948	7082.288999	7092.113945	9946.684493	7393.285959	8329.418124	7527.734341
Tfb2m	1117.45421	1174.637593	1366.244526	1543.510947	1125.226719	1116.679918	1456.207268	1348.369328
Morc2a	1281.839574	1176.267116	960.7385052	1184.4487	2288.204059	1697.269564	1704.343009	1789.077291
Piwil4	64.89340671	58.04098105	55.71523605	52.45469489	59.63138748	57.92041362	55.94743171	56.80712559
1500031M22Rik	555.6374384	644.4836728	587.3187964	552.5648571	2238.00881	1960.491946	2291.378383	2096.838452
Comt	66635.34499	85166.592	93780.47722	73885.31341	6365.243546	13825.078	7246.155246	6663.202391
Eed	784.7014196	1056.443576	1087.651007	1071.933729	1099.018533	1699.624111	1895.023469	1848.32149
Ogt	552.9479986	361.7878128	486.0631659	403.9407825	717.0848363	510.2286146	551.0349439	542.3197874
Dmrtc2	61.81992505	59.87990386	63.6460908	72.45432974	56.33657687	59.46628315	61.77708959	62.81338009
Apobec2	63.3819438	54.41754624	60.8000245	66.94943615	58.04098105	59.46628315	62.46603269	56.80712559
Setmar	534.4829068	577.229011	538.9471512	524.209613	324.9333468	419.3467893	371.4437652	400.3172573
Hells	81.74168059	83.28587875	77.7084726	79.28631666	916.5056726	844.5271538	966.7506372	937.0615482
Chd1	538.573711	389.3705608	402.5432536	547.2286675	1005.014081	497.9993331	467.2335301	621.2370228
Aicda	58.76967439	61.64876122	72.00374302	69.21438486	59.42507855	59.46628315	60.96883187	80.11497335
Tdrd3	848.6347822	773.3619638	1009.202521	946.1991142	1100.543153	975.50131	1034.702281	1083.136987
Mbd2	956.0882636	912.7019478	1125.226719	1191.860771	1306.055057	1424.263139	1693.743859	1344.636032
Alkbh3	1288.967346	1137.775338	1235.603374	1183.627988	1632.650192	1509.651679	2038.08711	1698.44643
Suv420h1	94.54963607	114.6426458	92.41146851	102.6080422	122.4458442	103.8962664	122.7858073	105.200664
Trmt5	402.2643285	474.4130877	602.5762495	531.8958609	744.4339289	805.0865072	670.4565366	848.0467572
2610039C10Rik	161.5682601	204.081274	190.6787153	241.3528412	721.0722442	559.5022024	694.5814157	676.5252637
Smarca4	4020.056326	2437.184914	2333.047557	1333.49805	8237.552275	4598.666945	4317.55847	2799.590302
Apobec3	79.06679278	84.15633665	87.60856404	80.72815417	58.40419127	83.74899657	98.22375014	89.13993476
Bmi1	167.0342333	239.1878008	196.7200232	332.9126775	186.2375275	167.3819326	192.8051797	165.7655039
A930028L21Rik	374.5462325	317.1452666	275.7085123	314.73635	649.8666936	541.5684934	578.0297753	636.9339665
2610205E22Rik	2277.128515	2007.243603	1573.760186	1731.732045	14076.48981	10433.96588	10233.41466	10690.19093
Jarid2	58.76967439	50.52760875	54.0416568	56.80712559	52.74637344	56.21954997	55.94743171	54.91011395
Hemk2	1755.906123	1528.605064	1425.250705	871.8885967	2173.794732	1677.387157	2003.073994	1563.973118
Chchd8	786.8800928	795.104128	957.4146025	1099.018533	1327.963704	998.7639926	903.8878682	1122.111249
Myst1	4246.32771	5910.235901	6621.764557	7057.78614	3666.022691	3771.702056	4025.633172	3758.652958
Nsun7	87.48719692	72.00374302	72.65549454	83.34362813	53.96679106	66.71780869	62.46603269	63.60198997
Ing1	3249.495422	2772.554299	2307.31618	2038.08711	4750.948985	3782.173945	4529.072756	3673.653902
B430006D22Rik	85.09485492	81.68504121	162.5793258	83.34362813	95.00950852	79.94855204	87.48719692	88.34031062
Cxxc1	1337.200422	1432.182869	1536.039925	1585.805369	990.4909615	1132.268189	1173.010328	1158.46601
1110005A03Rik	1951.00262	2155.788605	3042.412382	2167.776041	1227.068438	1316.05129	1246.787603	1285.398519
Mtrr	89.13993476	110.0488302	90.00916479	110.0488302	144.6076435	116.6465639	158.2432334	114.9609437
Ctr9	913.3348039	744.95011	845.1127383	914.6018328	1375.747508	1470.407179	2057.961104	1748.618679
Cbx5	698.9279836	570.862704	740.8306616	549.8902895	1093.698978	806.203368	1091.427058	1028.980552
Setd1b	1448.154688	1285.398519	1200.150818	1002.23145	1490.933298	938.3614921	1249.382923	1328.884497
Prdm15	449.133337	399.7626842	429.6446142	424.3173911	578.0297753	548.7480128	575.630809	658.4819115
Mettl7b	11771.41393	10697.60338	9830.165564	13234.35258	198.5006608	1595.729059	239.5196154	202.2505758
Wbscr22	3883.118449	3352.449768	3456.269501	3099.887192	4362.683201	4176.27211	4353.620682	4284.763913
Alkbh1	233.6167651	205.5007715	196.7200232	171.1360634	444.7959988	265.9479304	339.672356	294.6789098
BC067068	179.5199041	222.3979994	269.1002647	246.7660308	272.2899643	347.0500677	312.779034	337.092332
Jmjd2a	974.8253783	913.9680988	970.7796123	771.2207189	1105.895997	944.8883125	922.2410034	979.5667539
Setd1a	870.6807399	635.1704564	731.6449995	802.857425	1254.58978	865.2660576	1039.014448	1122.889307
Rbm15b	159.1231576	159.4543892	129.9668609	145.2103021	254.7608888	203.7985533	210.6932084	230.8800969
Phf2	278.9765407	232.8085125	231.5211207	265.9479304	192.0049906	175.0957189	174.8531529	188.8373065
Mettl1	92.66804303	106.7431736	115.7605603	97.61290581	176.6806212	179.0228586	179.0228586	161.0092764
Ilf3	917.1411662	830.5942073	814.064897	1081.63648	2038.08711	1871.52681	2258.266446	2108.498091
Bhmt	127841.7911	116421.6626	90963.49083	121449.7504	10742.1861	44917.81095	14633.62932	17978.68647
Prdm4	511.290709	481.702967	434.1350219	449.133337	946.8551968	812.9371453	785.7900012	876.7368034
Smyd2	5967.868371	7216.081913	6338.826214	7659.31682	14492.31049	12899.25389	14858.49115	14992.98477
Gcsh	1611.289488	1895.023469	2015.608877	1868.934121	1408.554822	1826.669608	1725.740707	1901.602514
Fmr1	676.0564946	512	529.321337	512.7102749	1862.4681	1229.62271	1537.104996	1660.037366
L3mbtl2	319.3511864	294.0667789	343.2224234	355.0799281	444.7959988	314.3003351	385.6103595	426.3811947
A930016P21Rik	3722.355165	3724.936199	3850.953533	3645.750203	2663.30142	2992.218887	3038.197625	3242.745307
4833442J19Rik	473.0995571	793.4524733	1064.529342	543.0721236	163.5967185	384.8093384	312.1293041	265.5795038
Gfi1	60.21287088	63.51387998	80.17052407	69.74413518	59.42507855	75.89852796	102.8216316	75.21768502
Dydc1	60.21287088	56.21954997	66.30289687	60.50573547	65.43542596	59.46628315	62.46603269	59.63138748
Hemk1	535.9668644	573.241799	780.9032465	670.4565366	444.7959988	421.9709875	659.8526108	712.6253526
Taf7	183.2919989	169.4833805	177.2940119	205.2160843	264.4772832	294.0667789	347.2907078	385.8777368
Trp53bp1	494.2167167	487.4126892	469.8316197	548.7480128	770.6863347	708.6846546	647.1695864	937.0615482
Spin2	93.63655813	61.64876122	82.76793164	80.05946113	78.62956675	99.94067105	73.72080911	76.95803193
Tdrd1	54.83404511	58.04098105	60.8000245	50.98496616	59.9629726	72.30382173	48.23471711	81.00842201
Tdg	342.509454	416.7389108	419.3467893	332.9126775	561.4446534	652.5750412	737.2448351	692.1783465
Paf1	3650.807791	3251.748581	3803.205027	3533.788547	5869.41092	5348.801688	6110.183533	6571.468115
Pnmt	334.3001055	292.8463291	327.4203088	219.9451533	106.0058447	109.2129406	124.2412121	136.6176433
Tfb1m	1478.583496	1365.297845	1468.370174	1315.139388	1397.855967	1495.072779	1764.446535	1684.377741
Pcmtd2	3191.458118	1965.935127	2222.549754	2493.575206	838.6935786	902.6356817	842.1888704	904.5146127
Rbbp5	1531.787017	1580.318899	1491.967093	1616.88348	1574.851411	1462.276075	1720.962565	1636.048725
Luzp5	221.4749928	197.2662037	212.0116893	226.1286532	1186.091834	781.986559	1088.405171	1168.142045
2410022L05Rik	666.28703	564.5666115	638.2598115	594.6924707	724.0773439	848.0467572	680.7588394	747.0184163
Snw1	1941.559225	2148.330143	2354.165449	2757.222542	4190.771076	4326.545921	4048.018029	5289.809307
Tdrd9	55.63805185	58.04098105	52.92949558	56.80712559	60.50573547	65.57163667	64	64.4005007
Thumpd3	1705.524779	2157.283402	2109.960097	1856.02445	2528.384219	2936.740348	2884.288977	2757.222542
2310079F23Rik	143.2111489	121.600049	151.5867663	157.2591335	268.727471	246.0827977	261.5603412	264.4772832
5630401D24Rik	370.4153308	357.3019556	345.8493656	363.7995631	912.7019478	739.2917481	1068.22512	953.4410955
Tyms	1491.967093	1655.441139	1742.568918	1642.867029	9681.400192	8834.911696	9390.589425	10734.74276
Jmjd1a	112.2833342	99.80221985	124.5861599	120.5928031	96.33579183	92.53966685	121.9376637	99.94067105
Tpmt	5275.163154	6273.261556	6212.679866	7151.350507	1192.687193	2099.747303	1254.58978	1770.57225
Bcdin3	762.7148611	660.3101443	708.6846546	733.676365	715.0994086	668.1369332	791.2556028	706.232792
1110037F02Rik	522.7582084	505.6516411	489.4440026	629.9091685	632.5343422	716.0914344	789.6119426	811.2484464
Gm71	291.6309446	317.1452666	399.2088794	360.7861133	484.7173792	575.2319504	552.9479986	630.3459396
Chd5	65.61710322	58.04098105	68.83164099	59.83841266	73.21158229	68.02532316	66.85668882	68.54597268
Ash2l	685.4938916	972.8003921	897.6442586	941.6192473	1032.552914	1480.63467	1621.372653	1393.985655
Prmt8	54.83404511	58.04098105	57.48047186	57.68002961	66.71780869	54.41754624	55.94743171	55.56097457
Rnmt	193.6087037	231.5211207	254.5843632	273.2352865	434.1350219	356.8069731	431.7343284	360.5361221
A630082K20Rik	87.48719692	83.28587875	86.40243105	98.97553119	58.40419127	81.17704956	80.17052407	81.00842201
Baz2a	794.5531948	424.6116075	502.5070407	504.6012605	1114.36026	728.1036342	732.152313	831.1701309
Ssty1	52.74637344	58.04098105	62.24991663	68.40358344	55.29204399	59.46628315	54.30450571	59.01459955
Piwil2	58.76967439	58.04098105	62.24991663	61.18050033	65.43542596	73.16085347	65.39008529	70.18058167
4921515J06Rik	64.1776919	58.04098105	60.8000245	71.16026608	57.00434564	60.12945595	55.94743171	61.43547271
Smchd1	1260.691879	776.0468821	1524.372741	1504.42868	3613.046232	4079.000589	4048.018029	4656.402322
Smyd3	563.393848	572.8445957	574.435062	593.8686231	1581.414673	1415.405779	1655.441139	1844.482007
Ppm1d	174.2482069	167.1500527	171.8492804	161.5682601	248.9996665	238.0300653	273.9939068	306.129868
2810410M20Rik	5063.783469	4884.516341	5245.992392	3875.052121	9988.137731	11394.10511	11036.53746	11714.43701
Hdac1	1945.600784	2595.865645	2413.648707	2416.997055	6644.753658	6508.006606	6295.040743	7286.448075
Smyd5	178.2798695	172.0876793	180.268061	175.0957189	547.9878136	513.0657818	608.8740429	556.7940561
Cxxc6	1137.775338	1244.197675	1205.988137	1060.111282	392.0788473	610.9879004	740.3173348	718.5775237
Icmt	2036.674905	2149.819768	1940.213905	2256.701677	1186.091834	985.0137136	1112.816499	863.4686569
Cbll1	319.3511864	214.8223071	220.4029922	177.4169454	442.029854	307.1926739	301.4970341	309.7584868
Mllt6	121.600049	98.97553119	100.0099687	95.00950852	96.33579183	100.6358134	108.2332528	102.8929268
Whsc2	1061.581927	962.7383834	870.0774391	740.3173348	1390.126059	1389.162831	1380.523757	1518.046218
Uhrf1	259.9337218	220.8617842	246.4241774	264.8441809	4532.213158	3042.412382	3970.21109	4414.394962
Prmt7	2357.431278	1896.337454	2734.383725	2713.614371	13493.71523	12511.78494	15457.2923	13796.35943
Prdm9	61.81992505	56.21954997	54.0416568	52.45469489	61.13810793	56.21954997	57.68002961	60.08779183
F730014I05Rik	138.3328515	145.8154723	127.3804444	163.9372623	137.0919454	151.0623159	184.9510909	155.7404619
Wdr82	2730.595691	2191.951254	1944.252664	2190.432436	5260.557554	3688.964013	4969.896183	4582.756766
Rtf1	2052.263127	1699.624111	1676.224884	1599.050737	1942.905477	1549.943596	1770.57225	1613.524759
Gnas	55.63805185	50.52760875	55.71523605	59.01459955	60.50573547	57.08342524	53.44562684	54.30450571
Mto1	724.0773439	939.0121402	974.149915	991.8650258	779.281091	729.6192584	990.4909615	864.0673752
Rsl1	132.8818266	173.7657574	180.268061	177.4169454	135.9563759	193.8772884	182.152123	181.2704561
Gcg	57.12300617	56.21954997	54.0416568	56.80712559	60.8000245	56.21954997	56.37563994	58.32328196
Gata3	97.95179327	85.56803171	77.7084726	75.16556616	61.13810793	69.4546798	80.17052407	65.20903658
2610510H03Rik	410.7167572	210.8393004	226.913715	115.2801254	772.8260959	348.2549382	334.531905	202.2505758
5330426P16Rik	88.40156468	92.7965973	90.00916479	98.97553119	68.73628618	88.70847268	80.17052407	93.63655813
Apobec1	117.0515315	155.5247094	136.2393834	53.92939709	125.9755548	115.6001933	111.5850547	99.94067105
Hdac2	134.0846243	175.460199	151.5867663	115.2801254	197.1295166	239.0220659	298.1717981	238.5255499
Alkbh2	868.2700438	856.3163135	781.986559	954.1021996	1074.165071	942.9255139	966.0807689	954.1021996
2510005D08Rik	1467.35273	1811.538812	1661.188415	1922.809339	3829.65841	3583.118397	3763.867171	3782.173945
Fbl	10036.71824	8859.441262	9429.725113	10113.53688	108926.8432	83587.52365	106242.3914	101140.4096
Evi1	63.3819438	65.25425171	63.6460908	59.83841266	72.45432974	59.46628315	55.94743171	62.37949638
Ash1l	96.2023346	75.26984002	78.95725887	80.72815417	78.62956675	73.16085347	80.17052407	71.06168535
Mrm1	614.3853478	515.9187253	569.2821286	600.491494	952.7804495	1009.902289	1126.787696	1250.249229
Setd8	1938.869517	1519.098812	1410.508847	1728.13475	7393.285959	3267.564502	4020.056326	4278.828085
Atrx	99.80221985	108.3834	111.4304721	128.8010014	100.0099687	111.2761037	143.0127537	126.0629047
Nsun3	802.3011194	554.4832233	588.1335578	605.9269231	281.5017342	330.8423246	332.2211243	344.6528177
Pou5f1	64.89340671	70.47306228	65.11870029	65.43542596	81.57188015	63.42589205	65.39008529	65.20903658
Setd2	1896.337454	1896.337454	1720.962565	1892.398228	2304.119777	1843.203952	2040.914458	1972.760359
Prdm10	90.94989076	80.95229071	88.83153402	73.87426672	86.16320443	76.69177737	82.76793164	76.10925536
Rbm15b	159.1231576	159.4543892	129.9668609	145.2103021	254.7608888	203.7985533	210.6932084	230.8800969
Nsun6	178.2798695	218.5773349	218.5773349	253.352104	162.8048649	176.3136059	195.7678436	191.4733771
Btg2	134.0846243	124.4998333	116.4849695	126.7638876	168.1960483	134.4569016	199.6044397	183.9283426
2410004F06Rik	51.51783281	58.97370792	59.01459955	56.80712559	65.43542596	59.46628315	62.46603269	58.64759326
Dot1l	77.54705027	73.72080911	72.65549454	82.02546715	73.87426672	79.01200684	87.48719692	82.71058116
Etf1	549.5092666	634.2905333	736.733993	760.6030954	1156.861148	1298.832793	1259.818337	1360.574274
Smad4	4320.552211	4076.174221	4107.372281	5123.805512	7616.96209	6295.040743	6869.550567	7831.104042
Mtr	170.5439776	172.9246828	166.6872563	205.2160843	602.1587201	461.1205017	566.9194673	649.4163965
Mett5d1	593.8686231	577.229011	570.862704	538.573711	647.1695864	750.6517797	729.1137001	756.9215648
Prdm1	58.76967439	76.95803193	75.11348341	71.16026608	123.5541792	92.53966685	83.86517785	91.70954562
Nsun4	660.3101443	963.4059341	846.2851258	857.5042432	662.1434531	616.9458253	771.7554737	675.1199306
Thumpd2	307.4056774	388.5617288	405.3431633	418.4756882	798.9713717	731.1380376	999.456523	901.3852299
Nsun2	7858.291666	9197.33389	8575.46983	9058.145512	32026.97679	30467.84836	41822.7411	35536.15573
Suv420h2	529.321337	462.4007732	466.9097807	515.9187253	743.9181054	585.2868277	667.6739765	754.3028151
Wdr4	1932.161538	1691.397458	1509.651679	1526.487436	6751.5358	5728.731475	7424.097798	5800.654595
Hadh2	19660.33113	21410.04192	19976.27546	21217.98449	17020.66755	15128.69578	14786.57192	16349.96583
Mbd4	106.0058447	112.5170638	113.142724	115.2801254	169.4833805	171.3734729	166.8028351	194.9553587
Mbd3	1214.376447	1123.667904	1244.197675	1143.309273	1986.481992	2457.541391	2613.921319	2464.364597
Mbd1	97.95179327	82.48157635	110.7374964	133.8060928	100.0099687	103.8962664	98.22375014	99.11283557
H1foo	118.8501571	96.73727541	115.7605603	96.06906224	85.44949141	96.00249531	85.09485492	92.92532991
Nr1h4	8317.879098	9274.154206	10861.98383	10877.05218	1876.722984	3461.064231	2948.97934	2953.070329
Jmjd2c	70.47306228	63.51387998	60.8000245	64.1776919	95.00950852	74.02804377	70.96324119	72.55484242
Pygo1	74.38810288	65.25425171	71.30839365	66.94943615	99.4569304	93.50684023	98.22375014	114.9609437
Mettl4	72.80673458	88.52420026	83.98152029	95.00950852	101.3357908	88.70847268	98.22375014	98.22375014
C430014K11Rik	167.0342333	120.7600961	136.2393834	195.7678436	153.8094143	128.0887536	125.6267602	132.4220904
Zfp335	85.09485492	90.69807338	87.60856404	107.4856311	97.61290581	87.8518036	85.80560586	84.27308301
As3mt	1588.005287	1347.435034	1081.63648	990.4909615	2433.808599	3600.546041	3722.355165	4124.489933
Jmjd5	131.6898186	126.7638876	128.8010014	133.1584341	252.3006303	229.1264182	260.6554111	252.8258205
Tdrkh	501.4631924	593.0459168	582.8577429	478.0441318	1052.788558	1332.57406	1024.710029	1549.943596
Auts2	71.16026608	67.97818794	59.9629726	66.30289687	89.13993476	71.25898357	77.54705027	78.90254883
Wdr5	346.3291471	461.4402369	500.0747668	517.3511406	846.8719293	856.3163135	980.2459732	924.1607449
0610038D11Rik	3784.796457	3688.964013	3872.36707	3845.618677	6312.51852	5677.342252	5359.935781	5832.909601
Snrpb	1111.274877	1481.661323	1644.006172	1395.91947	2666.9961	4093.161853	4284.763913	4272.900479
Mettl6	917.1411662	836.3714469	718.5775237	742.8875304	1961.851327	1428.217514	1711.445932	1732.932806
1500003O22Rik	630.3459396	613.5342189	498.3446396	516.2764569	1233.891651	1034.702281	1394.952227	1116.679918
Mecp2	695.0630297	578.0297753	584.0710225	683.1222629	706.7224849	574.435062	644.9305497	683.1222629
Fto	211.1317884	132.7897519	159.2334916	133.8060928	288.2146781	144.3072528	180.5181389	207.0736252
Nol1	3283.457349	3420.520118	2942.853482	3263.037834	17829.76416	14412.17046	15640.5107	15608.02096
Emg1	4308.589688	4504.027748	5102.540454	4432.792144	7901.988328	9345.13636	11136.43616	9634.539522
2810474O19Rik	863.4686569	386.4130479	232.0030562	241.3528412	526.3942792	395.0797248	390.1810766	296.9343116
LOC382133	60.21287088	54.41754624	147.9534984	62.5960623	59.9629726	63.42589205	64	59.01459955
Dnmt3a	163.3700824	156.2811536	133.1584341	175.0957189	428.4550363	369.6458741	408.162548	474.4130877
Dnmt3b	504.2516188	450.3803269	280.916976	158.7926141	1116.679918	645.8252333	771.7554737	817.4575476
Gfi1b	72.00374302	61.64876122	68.83164099	62.5960623	97.61290581	107.4111535	237.0421818	497.6542658
2810405J04Rik	2900.327297	2920.500669	3254.003303	2848.526278	5752.606211	5060.274738	5947.221114	6234.248728
2610204K14Rik	4396.074133	4266.981085	5145.159193	4059.257091	5595.300892	6264.570994	6975.108774	6686.335354
Supt6h	2423.707693	1875.42259	1964.572916	2018.405042	4118.776137	2715.495957	2842.609089	3526.447875
Dppa2	125.1053781	92.21950393	119.4282229	102.6080422	103.7523353	104.8366973	101.0552175	111.6624263
Rg9mtd1	1060.84635	1142.517066	1026.84307	892.6804373	1937.52606	1870.230016	2213.325623	2105.577117
Aof2	1719.770098	1951.00262	1614.643556	1868.934121	5275.163154	4901.474153	5499.176971	5386.005546
Mtf2	711.1450295	424.6116075	678.4035927	825.4288194	1520.152136	1138.564257	1315.139388	1386.27715
Mett10d	1734.1344	1731.732045	2093.933631	1811.538812	3254.003303	3578.154582	2936.740348	4017.2708
B230206F22Rik	163.3700824	130.0569783	173.2846437	124.0690966	114.5632091	128.0887536	81.51535842	93.37730203
Dnmt1	593.8686231	523.4834077	489.4440026	598.4139513	2753.402868	1787.837627	2352.534231	2561.902756
2010208K18Rik	733.676365	696.5098764	894.5386454	785.7900012	1339.983945	1584.706553	1251.983644	1718.578457
Mbtd1	1097.496026	822.5730527	612.6842692	567.7059295	2026.816832	1254.58978	1815.30972	1639.454332
Mettl8	128.0887536	244.7220013	232.8085125	238.0300653	165.0775361	184.822937	265.3954819	175.0957189
Setdb1	506.0022536	500.0747668	558.7271051	536.3384971	728.6084922	853.9453889	958.7427814	840.4394074
Ing5	119.7598077	147.4416182	128.8010014	135.0172566	156.6064693	150.6440624	186.1084822	171.3734729
Prmt6	147.4416182	158.2432334	143.2111489	135.6739563	368.1117524	314.73635	330.6130817	324.9333468
Cdyl2	512.7102749	547.2286675	435.9442984	592.6349911	276.6657029	237.0421818	197.9510624	215.7175884
Prmt1	1477.558975	1827.936198	1323.369299	1936.183535	10369.07802	17904.07048	17854.49861	8096.036057
Prdm8	61.81992505	58.04098105	60.8000245	69.74413518	55.40714019	57.08342524	49.65957467	59.01459955
Mll5	300.0377046	236.7137992	208.3694554	254.5843632	201.550842	157.0412771	187.0136805	163.823669
Wdr61	8877.88312	10304.59369	10050.64173	9796.155775	13289.50732	17258.26721	23526.51486	18078.6584
Ezh2	335.2282683	356.5597391	326.0614337	391.2643893	1161.682417	1104.363962	1595.729059	1291.650467
Snrpd3	5293.477194	4901.474153	7486.10724	4833.99411	15586.39864	11489.27386	12908.19807	13825.078
Mettl5	932.5259096	995.3085317	1026.84307	966.7506372	721.5722266	753.7801534	925.4427922	803.4141162
Ftsj3	1510.698452	1590.208256	1196.827903	1221.129085	3992.287768	4359.660267	6356.425558	4601.855603
Mtap	930.5887912	942.9255139	991.8650258	976.1777104	1720.962565	1706.707368	2035.263679	1680.878815
Mbd3l1	62.5960623	63.51387998	59.01459955	57.68002961	62.55268905	59.46628315	51.94813318	54.30450571
Morc1	61.81992505	56.21954997	57.48047186	59.83841266	50.7030279	57.92041362	60.96883187	59.01459955
Men1	389.1007632	362.7922935	411.001543	429.3469104	734.185087	582.4538767	683.5959313	645.8252333
Gspt1	3089.162397	3821.703133	3910.127674	4050.824873	6295.040743	6936.537599	7680.582422	7744.73414
Iws1	138.3328515	168.6630338	147.1353405	149.8110261	254.7608888	246.9371353	270.7842467	259.0344195
Mett11d1	249.6909982	273.6143338	367.0925435	340.3794197	312.3457306	389.3705608	428.7521216	446.6497054
Rg9mtd3	515.9187253	525.3008104	591.8139938	568.4934828	621.2370228	721.0722442	679.344712	786.8800928
Mthfr	49.2141066	59.87990386	52.38202762	55.94743171	58.04098105	62.16367971	55.94743171	58.04098105
Msl31	181.3961468	344.4140054	311.9130275	377.9364879	144.6076435	171.9684385	227.0710541	176.6806212
Hnmt	1202.649059	1369.088507	1641.728675	1452.175397	103.7523353	451.9439341	138.5247545	143.8079876
Dppa3	60.21287088	58.04098105	62.24991663	68.40358344	77.01139366	64.48984067	64	65.20903658
1810007M14Rik	277.2416117	200.9927984	287.8154045	297.5524115	425.7905144	315.8290355	345.8493656	386.1452996
Paxip1	1147.278555	1156.861148	976.8545798	1208.498528	2391.997224	1744.986307	2331.430972	2157.283402
2410091C18Rik	2696.738656	2813.207006	2856.435029	2592.269504	4701.808287	4891.292414	5568.218079	6097.490965
2410075D05Rik	621.2370228	601.3245293	693.6191885	601.7414802	1044.791971	1264.192109	1408.554822	1282.728385
2410127L17Rik	1547.796407	1673.902753	1691.397458	1513.84313	2811.257715	2601.269212	2502.232272	2334.665262
Rnmtl1	625.5580681	686.9208191	706.7224849	688.8280108	1065.267473	884.6727039	1100.543153	1031.122483
Ciapin1	7276.353912	7057.78614	6161.218566	6608.009292	9248.476404	9216.479107	9871.133204	8761.729744
Air	64.89340671	61.64876122	66.30289687	66.94943615	114.5632091	75.89852796	81.51535842	72.55484242
Pcmt1	1314.228119	1294.339173	1645.146105	1430.198817	2049.420058	2454.136876	2741.975566	2530.137369
1700106N22Rik	54.15415018	52.85617056	58.28286935	55.3303828	70.91407026	60.88436969	60.96883187	51.94813318
Gtpbp3	973.4749197	575.630809	602.5762495	670.4565366	1505.471832	779.8214347	1014.111101	890.2088295
Ehmt2	7611.684243	7043.125135	6199.774384	8192	20566.37631	11977.17462	14522.47776	16024.59195
Suv39h2	53.44562684	62.5960623	65.11870029	66.94943615	253.1765546	237.3710199	307.1926739	263.7450121
Gnmt	139509.1286	146546.6029	134197.6609	147259.3793	13729.58121	29409.60934	55223.70262	23706.58117
Lcmt2	1101.306256	978.8880052	1196.827903	876.7368034	690.2618786	785.2455218	791.2556028	771.7554737
2900092E17Rik	6178.324794	5744.636931	7092.113945	7967.989329	12511.78494	9001.81375	9501.89797	10057.61072
Zmpste24	350.6772429	468.5307741	348.4964138	479.7037808	388.5617288	377.9364879	479.0392309	393.9858484
Zc3h13	1906.882191	935.763405	488.4272899	333.6056702	3645.750203	1687.88395	1629.258719	638.2598115
Ing3	219.6404558	283.4597336	363.5474838	250.9054503	283.8529648	313.8649242	292.8463291	344.8917957
Zfp57	60.21287088	58.04098105	68.26148997	65.43542596	72.45432974	65.57163667	62.46603269	123.8972194
Usp7	5560.504238	5873.480696	4621.034035	4987.150412	12739.31425	6635.548456	8358.335769	6779.673117
4930548G07Rik	361.7878128	566.9194673	438.6723608	463.363309	764.83249	832.3231764	1121.33373	850.9909623
Asxl2	93.63655813	76.95803193	96.13567532	100.2876399	137.5678941	82.48157635	104.9093898	94.09198953
4930556P03Rik	1117.45421	917.1411662	1384.356693	1128.350839	1419.335563	1662.340262	1542.441438	1717.387642
4933433K01Rik	183.2919989	156.9324621	167.8466578	268.1692485	1203.48296	772.2905993	855.1300295	813.5008257
Whsc1	237.7003142	305.7057759	257.9593627	295.2923149	1294.339173	889.5919976	1064.529342	1165.715486
Nsd1	334.3001055	232.8085125	181.7737419	205.2160843	451.3178408	208.8031983	207.2172074	144.3072528
5730409G15Rik	269.8474044	302.9634616	307.1926739	263.5622614	1017.63184	898.2666739	1015.517932	968.0917676
Nsun5	490.1229866	751.1722722	742.8875304	735.7133704	1396.887383	1405.628858	1921.47701	1479.608727
Trmt1	2615.733779	2264.536378	2661.456	2551.270227	6063.772869	5130.913541	6571.468115	5955.471431
Atf7ip	244.5524317	307.6188287	305.7057759	292.0355113	406.1869277	344.1753585	399.7626842	427.268752
Mettl3	1052.788558	1249.382923	1523.316493	1251.983644	1245.923695	1408.554822	1479.608727	1527.545883
Gamt	21454.60917	18586.91867	21262.15196	20003.98766	10543.01591	9515.079532	9140.136528	9261.306406
Dnmt2	441.417495	415.8732269	495.5888778	336.8587584	670.4565366	909.5442389	679.8157611	814.6293594
1700052N19Rik	161.5682601	250.9054503	212.0116893	264.2940251	147.2373623	173.1645736	217.8211148	186.8840974
Prmt2	372.7333245	471.1360771	467.557504	476.3902247	993.2409962	1090.6708	654.8406176	1151.261618
Prkcbp1	1223.670994	826.5739003	1014.111101	1177.082724	1331.65071	1162.487913	1064.529342	1228.770696
Wtap	50.42264871	51.51783281	52.38202762	55.3303828	52.38202762	51.12652265	59.30163596	54.30450571
Myc	319.3511864	251.9511096	257.9593627	566.5266448	219.7927517	291.4288714	292.0355113	319.3511864
Myb	55.98622495	62.16367971	57.04387174	59.83841266	63.29413865	68.4984767	93.11876375	112.7512799
Pphln1	479.3713907	541.9440102	487.4126892	399.4856858	1055.711558	987.0641231	855.7229659	1012.706218
Smyd1	1255.459697	948.1687271	1116.679918	711.6381286	856.3163135	1172.19754	1209.336485	1211.014144
Jarid1a	466.5862557	397.2765974	210.9854937	161.5682601	663.5217743	498.6901855	455.7187754	236.0583982
Rnf20	355.0799281	458.8885502	388.023441	461.7601937	427.861483	490.1229866	573.6392777	518.4280614
Tyw3	60.21287088	76.95803193	68.83164099	75.79338316	63.46987077	74.59463668	68.83164099	77.76235468
B630005N14Rik	281.8922491	268.3551937	276.8575395	274.7546333	251.6020732	200.9927984	169.4833805	225.9719671
H19	106.0058447	93.63655813	94.28785189	126.7638876	106833.1608	112377.9919	149625.8586	141947.7052
Smyd4	142.2219173	168.6630338	204.3643869	229.9218875	173.0445866	170.3077173	227.0710541	324.4832056
Sirt1	506.0022536	382.6814077	373.5092081	387.485899	674.1846641	533.3726357	544.2025853	584.8812784
Cbx4	1365.297845	967.42097	927.3691986	974.8253783	259.5736268	228.1754869	179.6443809	189.6242941
Wbp7	716.0914344	625.1246145	606.3470653	794.0026433	1225.368538	642.2539287	919.0502919	900.1365104
Dpf2	2294.557111	2194.992051	2185.882292	2524.881563	2639.410443	2493.575206	2523.132054	3069.951184
Pygo2	1008.503238	932.5259096	1016.22208	877.9530615	1364.351821	1288.074211	1381.480995	1353.988716
Uhrf2	2248.894083	1848.32149	2224.090842	1990.617063	3598.051198	2910.396504	2717.378848	3461.064231
Zmynd11	730.1251673	658.4819115	619.946539	719.0757764	760.6030954	702.3274438	714.6039112	700.8685123
Arid4a	875.5222302	818.0243624	608.030549	809.5632554	613.5342189	502.15885	444.4877965	554.099018
Cbx7	285.6292665	232.0030562	257.245138	310.1882011	309.9732695	398.6558418	390.7223575	460.4816958
Phf8	953.4410955	968.0917676	920.3252496	869.4745564	1060.84635	841.6053118	1037.575066	987.0641231
6720458F09Rik	432.9330111	507.4071364	337.7940252	362.038672	1258.9454	631.6580709	836.9513764	670.4565366
Dnmt3l	89.13993476	89.13993476	90.00916479	92.53966685	84.03975203	90.94989076	83.86517785	86.82267696
Alkbh8	341.7979656	267.0562799	254.5843632	256.8887676	750.6517797	507.0555504	671.8521624	523.8463845
3300001M20Rik	436.5490646	442.029854	439.8903065	431.1362322	915.8706194	708.6846546	852.7623894	809.0023033
Hist1h1d	119.7598077	128.3553838	113.142724	113.9296939	299.2069756	217.5193598	267.6121857	245.4014563
Ncoa6	184.1834982	120.0923132	94.94367577	65.43542596	296.3174955	207.6485518	177.1711637	146.931509
Jmjd2b	410.7167572	333.3745125	256.5328909	334.531905	331.7608872	279.1699796	320.9044532	294.6789098
6430573F11Rik	313.8649242	254.5843632	163.3700824	205.2160843	68.73628618	114.4045008	68.26148997	69.40655417
Prdm16	59.50751633	67.04231213	61.47807129	58.32328196	75.37425853	62.16367971	76.21483836	63.60198997
Ctnnb1	195.4966397	180.0183296	191.6061423	174.2482069	272.6677001	141.9264824	172.9246828	202.2505758
Hist1h1e	429.6446142	295.0877048	339.9078805	200.0199373	2926.579998	826.0011614	1090.6708	734.6941617
Hist1h1c	2676.25524	2704.225978	4383.902509	3130.115115	2766.794925	2811.257715	3069.951184	2967.433533
Kcnq1ot1	129.9668609	96.73727541	128.8010014	92.53966685	378.7232024	163.5967185	234.265387	262.2865467
Setd5	98.90695035	101.1252879	89.38742608	95.00950852	120.0091003	92.53966685	93.24794329	89.94679681
3930401K13Rik	4666.095113	4214.074196	4570.068264	4513.403355	6603.430556	4918.490839	4783.994448	5677.342252
Phf19	139.198514	118.2748893	148.570101	150.8530442	243.200098	170.3077173	203.9398646	272.4787667
Lmna	3585.602886	3117.124364	2747.683277	3278.908664	12451.22442	8398.989213	9912.271579	10861.98383
Taf1	68.02532316	65.25425171	66.90304641	59.01459955	84.74169027	66.25695513	72.30382173	68.54597268
Fkbp6	77.54705027	68.78394706	70.13195305	60.50573547	62.55268905	59.46628315	62.46603269	74.23357789
Coq3	77.54705027	80.95229071	81.40243243	77.92422519	73.87426672	103.8962664	97.00586026	88.34031062
Prdm5	71.16026608	73.72080911	73.97674922	75.16556616	71.60557447	76.69177737	70.96324119	72.55484242
D14Abb1e	377.9364879	178.5271893	210.2555394	206.6434751	194.0117205	129.0691142	126.7638876	123.5541792
Mbd3l2	55.63805185	56.21954997	57.48047186	58.32328196	58.04098105	57.92041362	55.94743171	55.56097457
E130014J05Rik	135.0172566	117.6208491	110.2014961	126.7638876	115.9211498	93.05424111	106.5952987	105.200664
Ezh1	167.0342333	189.7557773	197.2662037	232.4859949	160.2299467	174.4899337	188.8373065	185.9795263
Otud4	162.4666734	136.2393834	147.9534984	162.1291845	287.4166841	256.8887676	242.0229419	285.431352
Lcmt1	1771.799942	1639.454332	1779.183995	1646.286829	3387.487717	3004.689089	2953.070329	3730.103638
Cbx8	395.3536681	355.0799281	444.4877965	337.7940252	194.0117205	258.6755703	242.0229419	316.4864668
4930408F14Rik	60.21287088	68.78394706	55.71523605	62.5960623	64.4005007	53.74281555	57.68002961	60.08779183
9030224M15Rik	68.83164099	77.87023095	76.37348755	77.92422519	61.81992505	69.4546798	60.04615658	67.74300127
Smarcb1	3123.612986	2953.070329	3247.243824	3352.449768	6946.16035	5427.228742	6539.660381	6621.764557
2310038H17Rik	623.3938016	635.1704564	704.2774109	572.8445957	433.2332015	507.0555504	465.6170249	562.2235207
4732479N06Rik	1048.419226	1123.667904	1551.018307	1211.853846	800.0797493	902.0102391	1002.23145	1025.42055
Rlf	66.48698261	63.51387998	63.6460908	68.40358344	65.43542596	62.16367971	66.85668882	63.60198997
Dph5	1737.744183	1684.377741	1553.169966	1394.952227	4014.487205	3961.963846	4595.480496	4208.236296
Nnmt	976.8545798	735.7133704	704.2774109	593.0459168	247.7944389	346.0891733	217.8211148	798.9713717
Apex1	1675.063416	2789.904455	2259.8323	2245.778613	11722.55965	12186.53194	15629.67328	12288.3194
Sfpi1	60.21287088	65.25425171	68.83164099	71.16026608	58.93284462	70.37543356	69.5510312	71.75462899
