Gene	 Nornal control 1 	 Nornal control 2	 Nornal control 3	 Nornal control 4	 Myc Tumor 1 	 Myc Tumor 2	 Myc Tumor 3	 Myc Tumor 4
Rpl13a	12043.77466	11433.66258	12827.92319	9681.400192	46728.01071	47085.6557	46340.95001	48442.98015
Las1l	3178.212779	3004.689089	3198.101474	3173.809893	6067.977413	7347.307804	9033.065784	8312.115582
Uba52	36611.26494	36434.05623	32249.74203	31607.95331	93780.47722	73222.52988	94826.32468	95950.32017
Pnpt1	2503.967289	2250.453438	2565.45677	1709.075008	4350.604028	4614.63236	4737.794801	5275.163154
Rps27	20311.37096	19728.58685	18229.65958	18471.32835	71368.5084	59351.62871	68177.11827	59228.3387
Isg20	688.8280108	711.6381286	573.241799	641.3641926	5120.255191	5042.767517	1534.975592	4059.257091
Rpl35a	14961.84013	14930.76018	16681.94631	14704.80467	40510.26775	31259.34655	35144.2245	31129.61255
Nip7	2646.738597	2563.679147	2617.547496	1850.885584	16797.97843	13998.64919	14442.17091	14292.79057
Nola3	7548.634613	8533.96217	9748.739656	5812.729267	24104.25132	16136.0518	20353.65121	18535.45616
Rnu3ip2	514.8470172	500.7684984	570.0718685	565.7418162	2031.035865	1765.66998	2078.028895	1879.326479
Frap1	935.763405	841.0221576	735.7133704	819.7271661	610.5645426	595.9303856	504.9511447	585.6926583
Pin4	2344.395081	2233.359836	2621.178704	2427.069995	2302.523236	2292.967196	2561.902756	2428.752895
Nr0b1	58.76967439	61.64876122	60.8000245	55.3303828	78.62956675	51.91213796	55.94743171	56.80712559
Apod	55.63805185	58.04098105	51.51783281	57.68002961	58.64759326	60.88436969	58.40419127	62.37949638
Ddx51	1119.004405	1356.807185	1229.62271	59.83841266	3272.09745	2639.410443	2817.109644	2558.353665
Prkdc	306.9798179	350.9203981	276.0909905	285.6292665	366.3299891	263.9278896	307.6188287	299.6220522
Cdkn2a	421.9709875	339.4369946	403.101684	374.5462325	279.7511012	273.6143338	277.6262167	305.9177484
Suv39h1	231.6816545	222.3979994	236.5497785	249.8641308	968.7630302	724.5794101	1047.692769	984.3311907
Mrps9	2822.973753	3191.458118	2890.292927	2679.96789	6042.793808	5356.221844	7161.271258	5483.951133
Mrps24	7728.646151	7191.116166	7522.518322	6746.857613	9248.476404	7444.71033	6965.445919	7912.950407
Mrps14	2231.812326	2070.839462	2427.069995	1885.851028	2413.648707	2633.927646	3521.562568	2840.639425
Mrps25	400.3172573	450.3803269	574.435062	524.209613	1520.152136	1388.200271	1743.777193	1781.652178
Mrps23	769.0854026	1205.152499	1286.289798	1164.907753	1315.139388	1451.169174	1812.79491	1493.001604
Mrps22	1518.046218	1780.417659	2272.398279	1687.88395	2795.711934	3180.416512	4042.410172	3918.267016
Rbm3	1639.454332	2117.285348	1083.88802	1218.592457	15318.63364	13901.95346	21799.38781	13437.71298
D030041N04Rik	80.84014476	84.15633665	96.13567532	96.87147475	57.16261455	76.69177737	76.21483836	72.15362638
Xrcc5	2291.378383	2130.534946	2201.086306	1730.532115	5014.881863	4500.906875	4359.660267	4544.796558
Eif3s8	268.9138033	341.0879552	345.3702488	295.2923149	468.8556474	551.0349439	590.1754096	601.3245293
Eif3s3	12783.54195	12625.03704	11441.59054	9836.981678	25995.96337	21739.03078	27746.1504	27554.49374
Rexo4	68.02532316	64.4451552	65.11870029	64.84844161	58.93284462	63.42589205	59.30163596	64.4005007
Rpl18a	16997.08824	18369.18502	16891.38494	14392.20479	87804.05817	87197.55124	89897.9128	65900.4182
Wdsof1	695.0630297	786.8800928	916.5056726	686.9208191	927.3691986	1022.581418	1241.613127	1108.198036
Nol10	68.83164099	68.78394706	66.90304641	71.16026608	80.11497335	75.00942616	85.09485492	73.56767027
A230050P20Rik	1997.527985	1868.934121	1332.57406	1794.044549	1484.745557	1236.460126	1584.706553	1287.181696
Npm1	3204.758658	3735.278246	3600.546041	3858.969698	40763.77386	41822.7411	52389.8605	48712.35123
Mybbp1a	769.0854026	597.5849481	605.087512	598.4139513	2608.491469	2304.119777	2691.136772	2420.350048
Sdccag1	1742.568918	1821.612019	1071.190978	777.6623052	3336.222978	2449.038944	2868.339345	1485.775061
Mrpl47	1326.124031	1069.707021	1423.276257	1240.752804	1933.501274	2178.319714	2531.891734	2363.976535
Rpl15	9857.458389	10022.81403	10477.44988	9039.329198	55415.42543	53825.41808	51240.60893	52571.74492
Rpl35	13959.89045	13097.46512	10831.90973	11473.35738	79905.10185	75752.1912	90272.56624	82722.94918
Canx	10734.74276	12085.58762	9667.988221	12748.14753	19976.27546	20998.51959	23042.34619	20940.37997
Nup88	3763.867171	4314.566803	3722.355165	3937.324763	7357.500399	8051.266343	8647.096055	8539.879513
Rpl5	13298.72209	17366.2664	16124.87102	16520.84662	66820.35375	92297.24725	104634.5661	100302.6363
Tfb2m	1117.45421	1174.637593	1366.244526	1543.510947	1125.226719	1116.679918	1456.207268	1348.369328
Gfm2	2442.258171	2953.070329	2365.615687	2753.402868	1937.52606	1586.904947	2118.753447	1747.407049
Chd7	1560.724306	926.726618	1037.575066	984.3311907	2628.456238	1339.983945	1483.716766	1420.319712
Rps15a	8231.844417	8551.726509	8163.657833	8451.548605	44268.7188	50116.56795	51382.8752	50116.56795
0610007P22Rik	2033.853431	1657.737659	1657.737659	1557.482243	2815.157649	2633.927646	2337.90404	2554.809491
Rpp30	514.8470172	711.6381286	761.130488	593.8686231	1334.422681	1531.787017	1726.937314	1529.66498
Wdr3	1457.216984	1198.488209	1435.164108	1063.054613	4777.367019	4432.792144	4714.862556	4507.150784
Gtpbp4	1872.824503	1485.775061	987.0641231	691.2194484	4008.9258	2880.293273	2709.855109	2133.490543
Mrpl44	3368.755481	3202.538058	3650.807791	3683.853567	3766.476989	4014.487205	4193.676904	4675.80808
Frg1	1099.780579	1294.339173	1128.350839	1347.435034	1124.447041	1092.941146	1305.150082	1332.57406
Larp5	1301.53645	822.003086	803.9711935	552.5648571	1178.715639	789.6119426	717.0848363	707.7028897
Nhp2l1	1863.759512	1747.407049	2624.814949	1922.809339	6343.221476	6826.829473	7009.03445	7181.154069
1500031M22Rik	555.6374384	644.4836728	587.3187964	552.5648571	2238.00881	1960.491946	2291.378383	2096.838452
Eif2s1	2490.120772	1341.842846	3458.666035	2442.258171	4994.068865	7491.298013	8767.805018	7606.410054
Exod1	508.4633577	429.9425244	426.6768421	372.9917732	1057.1761	846.2851258	952.7804495	962.7383834
Eif5a	8001.196269	10078.5467	7929.422044	9351.616161	24406.87556	22088.38012	30764.94942	22630.80056
Gltscr2	1115.906163	1344.636032	1455.198252	1428.217514	1929.484849	1865.051819	2247.335808	1985.105545
Srp72	2411.976273	2928.609252	2730.595691	2466.073357	3590.577035	3580.635629	3658.407331	3269.830191
Stau2	311.9130275	279.9450771	233.6167651	244.5524317	242.6949031	234.4278237	186.1084822	195.6321947
Eif3s12	1103.598741	1283.617813	1401.737025	1266.823658	2951.024126	3345.485788	4020.056326	3696.64298
Rpl21	7261.23888	3013.031416	5622.51543	1964.572916	3458.666035	3528.89307	3233.76696	4797.276902
Rps28	19309.18966	16635.7582	15891.85594	11245.03086	67052.33722	66312.81138	70728.30171	67941.24336
1810022K09Rik	3465.865612	3130.115115	3531.33996	2633.927646	9721.747846	6409.517316	5095.471732	6544.1949
Nol5	1734.1344	1589.10639	1566.142749	1080.887007	10506.53985	10397.8671	11105.60217	12068.84504
Rrn3	971.4527387	996.6892791	840.4394074	925.4427922	1484.745557	1370.037816	1633.782251	1797.779042
Mrpl40	4130.211655	3285.734057	3628.103758	3317.774228	8504.436904	5972.006416	7377.928027	6907.749255
Rpusd2	60.21287088	58.04098105	55.71523605	59.01459955	55.63805185	62.16367971	68.26148997	63.60198997
Hspa14	4031.217754	4938.988862	5238.724941	4956.135789	11489.27386	10043.67757	12093.96761	11245.03086
Ppargc1a	583.2618891	300.4539336	265.2115875	210.6932084	348.7380569	298.3785467	369.3897438	212.8952572
Exosc8	1929.484849	2169.279149	2091.032833	2010.028163	7951.437576	10008.92909	10064.58454	10616.34839
Helb	595.104823	462.4007732	448.5111373	443.8720325	416.7389108	289.2152869	347.2907078	341.3244613
Rpl9	16647.29322	19797.07955	17438.64107	16973.5416	59351.62871	71616.28191	86355.47332	85640.16768
Rpl24	5881.628716	5356.221844	5869.41092	4718.131783	15107.73748	12144.36974	14542.62415	13805.92565
Znhit3	522.7582084	662.1434531	647.1695864	631.2203906	1660.037366	1555.32461	1704.343009	1569.402839
Nol9	587.7260359	585.6926583	412.428437	472.7717431	2151.310426	1456.207268	1777.951186	1668.111489
Pop5	18254.94878	17390.35786	18369.18502	16589.69796	34949.88287	25337.73599	27630.99702	29758.20735
Mphosph10	750.1316478	838.1124419	689.7835914	688.8280108	2196.514031	1734.1344	2205.668098	2234.90842
Rps8	5808.701586	6281.964174	5386.005546	5311.854816	28526.20086	27939.14013	30257.39156	28016.71137
Rps6	9884.82699	8767.805018	9864.293427	9210.092944	24936.99491	35585.45347	40202.56693	43267.61565
Ftsj2	356.3126763	558.7271051	563.7844982	580.4387393	494.2167167	563.393848	571.258533	593.0459168
Rps24	12970.98123	13447.03052	11714.43701	11284.07078	59971.93908	56111.15542	59971.93908	56619.05305
Rps18	17294.19211	14848.1956	12677.65243	129.3377852	85166.592	69128.83537	6817.372035	73222.52988
Rps16	27900.4351	28329.156	25709.25172	22693.63353	148489.3566	120276.8947	136448.7829	138161.871
Rps12	106.8912537	130.0569783	106.5952987	111.4304721	477.3818811	563.393848	852.7623894	632.5343422
Bms1l	657.5696942	874.9155747	666.28703	697.4761137	1555.32461	1656.589001	2745.779388	2052.263127
Riok2	1945.600784	1400.765751	1442.144488	1176.267116	1982.355511	1896.337454	1979.609287	1892.398228
Srp19	4519.664599	4887.903203	5400.959445	5464.978103	17282.20884	12598.81129	13767.70052	12572.64002
Rsl1d1	355.0799281	481.702967	459.8437749	426.9726944	1089.159857	1552.093764	1757.123646	1520.152136
Eif2ak4	421.6786008	477.3818811	442.029854	530.7909637	663.5217743	603.4121768	709.6677815	672.3180162
AA408296	369.3897438	487.0749575	390.7223575	423.1425629	794.5531948	908.2842165	1176.267116	998.071942
Ddx56	1723.34998	1944.252664	1603.490399	1476.535164	4952.701648	4823.952546	5881.628716	5145.159193
Snca	893.9188133	1022.581418	380.3015477	727.5991261	430.2406411	664.4422487	2031.035865	4800.603274
Mrps6	3324.680524	3156.25926	3722.355165	3380.450953	4067.706861	4442.019467	3829.65841	4222.846234
Nop17	2324.975825	2840.639425	2793.774766	2870.328216	3278.908664	3288.012344	3413.414737	3555.902372
Mrpl52	10176.8256	9905.403296	10043.67757	8749.591823	16259.55327	13243.52911	13447.03052	12783.54195
Rasl2-9	5049.763125	5419.710218	4411.336197	4127.349803	45198.89869	49701.43893	58697.03464	55338.65656
Mrpl19	570.0718685	602.9940683	688.350717	636.9339665	1557.482243	1130.699619	1407.578824	1201.815735
4921505C17Rik	66.48698261	68.78394706	62.24991663	66.94943615	87.60856404	65.57163667	62.46603269	66.85668882
Mrpl38	4901.474153	4525.93453	4485.33492	5148.726782	5845.051415	5249.629897	6277.611357	6598.854992
Mrpl37	1179.532946	1744.986307	1628.129794	1833.011345	1666.955643	2078.028895	2202.612512	2207.197481
Nob1	405.6242232	292.0355113	307.8321277	311.4809238	1233.036678	866.4664029	1103.598741	1127.568996
Mrps30	3573.197643	3959.218574	4249.27206	3832.313847	9581.262144	7956.951003	9267.72808	9416.661795
Cpeb4	1865.051819	1114.36026	1000.149534	1040.455826	820.2955547	546.0919198	623.3938016	740.8306616
Ddx54	6580.584421	6557.817329	6553.273371	6251.55772	13568.74812	10757.08826	12152.7905	12152.7905
Rpusd4	1341.842846	1384.356693	1664.646353	1686.714403	4669.330525	3499.662299	3195.885487	3975.718788
Ddx28	1843.203952	1934.84194	1797.779042	1861.177582	2057.961104	1908.204399	2079.469775	2000.299067
Btf3	9789.36795	9715.011579	8804.345224	8908.704898	24288.73949	23267.03896	25888.07371	26763.8863
Exosc10	660.7679951	832.9002989	769.0854026	781.986559	1494.036833	1140.934298	1510.698452	1258.9454
2410016O06Rik	591.4039217	566.5266448	601.3245293	476.7205478	3694.08155	2427.069995	2719.263044	2408.634881
Nnp1	1684.377741	1269.460685	908.2842165	898.8895208	3740.460032	2435.496172	2926.579998	1944.252664
1700009N14Rik	63.3819438	61.64876122	63.6460908	58.32328196	60.50573547	79.39630705	77.54705027	66.85668882
Isg15	969.4347584	907.65486	896.4007216	713.6139462	329.2409558	461.1205017	376.8900767	1099.780579
Cks1b	1027.55507	1171.385317	877.3447217	815.1942131	10254.71659	9254.889182	9614.525876	11182.84774
Eral1	584.47601	917.1411662	926.726618	987.748541	974.8253783	779.281091	1013.408416	957.4146025
Tsc1	684.5442536	481.702967	435.9442984	642.2539287	510.5824007	494.5594004	576.829045	527.1245227
Rpl29	3819.055048	4335.552081	3482.72296	3504.517225	10608.99225	12245.80504	11698.2086	11513.18999
Mett5d1	593.8686231	577.229011	570.862704	538.573711	647.1695864	750.6517797	729.1137001	756.9215648
Rpl23a	16832.94518	16832.94518	13540.56201	14972.21448	89897.9128	100302.6363	96684.70093	81414.60484
Bat3	4056.444403	2809.309775	3588.089099	3387.487717	4087.491457	4317.55847	4463.624652	5177.356691
Nsun4	942.9255139	1201.815735	1141.725408	1074.165071	662.6025751	762.7148611	886.5142431	795.6554432
Shq1	231.6816545	339.9078805	302.9634616	235.4048118	672.3180162	661.6846493	784.7014196	708.6846546
Lsg1	454.4570047	556.4082496	494.5594004	442.6430624	700.8685123	655.749049	805.0865072	629.9091685
Gtf2h5	2630.278777	2262.967265	2396.976418	2178.319714	3256.259588	3102.036615	3389.836559	3357.100473
Aatf	171.3734729	162.3540991	156.8237225	167.2659525	355.8190643	363.5474838	369.3897438	327.4203088
Mrpl14	33179.39593	31651.80163	34660.38358	31871.95732	33549.41523	27421.12232	24542.59195	27024.86892
Mrps26	1891.086972	1987.859394	2008.6354	1810.283584	7522.518322	5780.585855	7973.514233	6793.785719
Mrpl30	4649.95165	4601.855603	4833.99411	4402.172612	5393.477313	5934.867065	6672.445957	6295.040743
Rps9	12186.53194	12279.80474	10945.11885	10742.1861	43750.1396	42583.296	45544.84023	48342.35047
Mrpl41	6101.718889	6303.773574	8492.65542	6955.796451	10550.32631	10899.6939	10499.25979	12052.12566
Mrpl10	3463.464089	3761.259161	3858.969698	3082.745339	3378.108615	3378.108615	3180.416512	3625.58982
Pelo	4611.434849	3813.764382	3427.64029	2815.157649	7211.081839	5885.706963	5963.733193	6907.749255
Rps5	15683.93557	13863.46245	13133.8294	14452.18493	58291.5846	79573.47594	91216.04514	84110.59962
Mrpl53	8266.150984	9836.981678	10877.05218	10705.02096	14583.00081	10801.91889	11553.16089	11529.16173
Nck1	1843.203952	2476.350824	2275.550676	1883.238495	2385.374385	2443.951602	2342.770633	2619.36247
Spcs1	5885.706963	7945.92797	9681.400192	7522.518322	8683.133202	10550.32631	8260.42331	9816.547503
Mcts1	6152.683221	5704.955825	7408.675861	5772.577813	5018.359119	4563.737194	4547.947863	4640.292394
Nol11	283.4597336	309.1150314	303.3837494	254.5843632	584.0710225	567.7059295	629.9091685	584.8812784
Noc4l	896.4007216	915.8706194	752.7359162	842.7728336	2896.309376	2503.967289	3350.126832	3184.828563
Wdr12	1107.430158	1181.16926	1233.036678	1121.33373	4130.211655	4161.823306	5315.537989	4396.074133
Fau	29246.97916	13758.16078	26068.1395	25040.92092	91216.04514	61062.54077	72616.00795	76015.18376
Hba-a1	52937.41032	57808.73971	33642.56303	51991.92675	11730.68793	24288.73949	71864.91563	155009.8105
Narg1	1288.967346	915.2360063	683.1222629	912.0695302	3399.248223	2055.110141	2310.517018	2253.575392
Rps20	18343.73757	16938.28278	12616.28906	13437.71298	136448.7829	116099.3203	121449.7504	125037.3862
Wdr75	939.0121402	1248.517216	1009.902289	1009.902289	2782.179911	2683.685691	3411.049558	2876.303106
2700059L22Rik	183.2919989	180.0183296	247.7944389	206.6434751	198.5006608	205.6432632	187.0136805	194.9553587
Mrps7	1058.642674	1186.914255	1438.151553	1411.486877	1861.177582	1883.238495	2015.608877	1967.298281
Cul4b	2176.810341	2672.547733	2447.341988	2969.491114	3127.946236	3533.788547	3031.886434	4017.2708
Rps29	21499.2692	18990.62808	16624.23116	13739.10113	70728.30171	71121.59212	78043.99448	74296.15864
Utp14a	160.0079747	147.4416182	111.4304721	91.20240731	383.2122846	259.0344195	249.6909982	172.6851244
Isg20l2	2049.420058	1219.437414	1209.336485	941.6192473	3904.710842	2372.183667	3127.946236	2565.45677
0610038D11Rik	3784.796457	3688.964013	3872.36707	3845.618677	6312.51852	5677.342252	5359.935781	5832.909601
Ddx17	11074.85354	9216.479107	13206.86111	12027.09001	16452.28103	13206.86111	13097.46512	15446.58184
Mrpl45	4084.659206	3673.653902	5152.296845	4810.596234	5943.100243	6391.770974	6822.099115	9216.479107
Rpl11	28152.97962	32881.76226	25110.44543	28804.36833	138161.871	100930.3125	127841.7911	101491.5436
Mina	2158.779235	1942.905477	1945.600784	1775.48813	1666.955643	1763.223938	1917.485563	1849.603093
1500003O22Rik	630.3459396	613.5342189	498.3446396	516.2764569	1233.891651	1034.702281	1394.952227	1116.679918
Mrps18b	500.4215124	593.0459168	749.6118763	558.3399591	569.2821286	653.4803296	770.6863347	726.5911584
C1qbp	17032.46947	15924.93651	14572.89615	14603.23116	68603.75864	72868.11247	98921.74027	82037.73271
Wdr36	552.9479986	669.06381	670.9214228	587.7260359	1386.27715	1573.760186	1806.523116	1611.289488
Nat10	279.7511012	290.0182746	304.8593534	259.5736268	967.42097	806.7623793	1114.36026	903.261558
Exosc6	2848.526278	2498.765845	2666.9961	2554.809491	15329.25539	9667.988221	11299.72467	10347.53853
Wdr43	741.3443443	725.584587	536.3384971	571.258533	3774.317307	2594.066952	3345.485788	2698.608541
Ighmbp2	77.54705027	68.78394706	72.00374302	73.87426672	70.91407026	72.30382173	68.26148997	73.56767027
Utp15	150.7485171	142.8146333	127.3804444	162.6920562	342.0349641	206.0713312	286.4222979	224.2555687
Mtg1	3415.781556	4056.444403	4529.072756	3233.76696	4386.942252	5653.77988	5202.538424	6005.214237
Pars2	396.4513423	452.2573064	465.9398779	451.9439341	838.6935786	736.2235048	862.8703534	948.1687271
Lyar	1149.666736	1091.427058	1053.518549	1089.915067	7680.582422	5914.333985	7675.260493	5996.895011
Rpl19	19524.5273	19948.60165	15913.90201	16057.94882	62779.24246	56033.42273	73222.52988	72414.95248
Pa2g4	161.5682601	171.254727	184.822937	202.6715817	753.2578539	618.6587358	753.7801534	654.8406176
Ltv1	128.0887536	138.4287697	141.3374524	160.2299467	183.8008974	149.707221	165.0775361	156.6064693
Npm3	1574.851411	1229.62271	1565.057557	995.9986662	10550.32631	6161.218566	6557.817329	5449.846952
Rnasen	1683.210624	1341.842846	1532.849138	1459.238517	6165.490677	5427.228742	5918.43491	6589.713375
Rpn2	22443.34354	23234.80634	19769.65398	22088.38012	33970.62168	36383.5829	28152.97962	36434.05623
Mrpl21	1592.414281	1415.405779	1614.643556	1410.508847	2342.770633	2312.119101	2076.589015	2075.150132
Dhx29	917.1411662	1069.707021	1234.747216	1063.791722	937.7112949	838.6935786	792.9026845	971.4527387
Rpl27a	3676.201168	3676.201168	3301.715278	3340.851173	11433.66258	9587.905671	11315.40028	10484.71481
Utp14b	64.89340671	56.21954997	65.57163667	56.80712559	63.46987077	70.37543356	69.5510312	66.02772348
Bxdc5	2637.581577	3482.72296	3536.238832	3494.814098	4942.413495	5053.264568	5845.051415	5572.079011
Ndufab1	7480.920064	7347.307804	9127.474388	8129.776637	10907.25162	10212.15698	10892.14143	10001.99383
Nol1	3283.457349	3420.520118	2942.853482	3263.037834	17829.76416	14412.17046	15640.5107	15608.02096
Exosc5	7146.395286	5227.842637	6695.611011	5389.740135	16867.98473	13152.04938	16069.0832	16124.87102
Emg1	4308.589688	4504.027748	5102.540454	4432.792144	7901.988328	9345.13636	11136.43616	9634.539522
D13Wsu177e	129.0691142	134.1775969	125.1921246	130.6895521	361.7878128	274.3740064	314.73635	286.8196388
Ddx27	2437.184914	2227.176224	2430.436962	2433.808599	5506.805736	6312.51852	6765.589831	6135.647987
Rps14	15276.22019	20017.85818	18964.31972	20410.16182	128820.2615	135224.7777	122634.0431	103695.9483
Rps15	5063.783469	4833.99411	4469.81684	4987.150412	16237.02836	12872.45851	15045.03664	14312.61833
Rpl39	9926.022434	9102.202705	9932.905014	7632.817597	44514.87857	32927.37767	35536.15573	29044.95552
Bxdc1	1367.191863	1511.745951	1543.510947	1467.35273	5393.477313	5077.842739	6009.378178	5378.54413
Cul4a	3912.838907	3714.622787	3140.982087	3536.238832	3546.056972	3880.427809	4605.046472	4454.352449
2810430M08Rik	1633.782251	2375.474492	1753.473607	2021.205086	7038.244905	5438.526089	7611.684243	6156.949414
Srfbp1	444.1798078	384.5427013	409.8635831	339.672356	941.6192473	929.299615	919.0502919	919.0502919
Mrpl55	5788.605005	5495.366553	4662.861943	4844.056577	5669.477237	4225.774302	5173.769265	4368.735358
Rps4x	12279.80474	15618.84337	11545.15563	13216.01858	51740.27136	63655.60803	79573.47594	73578.67112
Utp11l	3242.745307	3218.114628	3893.899679	3480.309756	8989.343233	8939.633681	10326.04378	9521.677169
Rplp2	21188.5905	20466.82932	17354.2332	21188.5905	122634.0431	107278.3926	112846.332	110600.624
Cpeb2	418.1857234	302.1246319	338.4971789	425.7905144	123.5541792	123.5541792	132.4220904	144.3072528
Gemin5	949.4840795	1173.823678	901.3852299	1136.199139	6101.718889	4338.558299	6135.647987	5720.795269
Zcchc17	4605.046472	4997.53169	5018.359119	5322.912	4911.677087	4898.077888	5238.724941	5885.706963
Ddx31	566.5266448	664.4422487	603.8305752	656.6587406	1494.036833	1052.788558	1536.039925	1274.751217
2810028N01Rik	409.5795857	555.6374384	506.3531092	484.3815151	2880.293273	2902.338348	3536.238832	3753.445969
2810006K23Rik	373.250401	220.8617842	191.6061423	121.7687394	490.1229866	249.8641308	187.0136805	155.7404619
Fastkd2	888.3596156	976.1777104	1184.4487	842.7728336	2635.753978	2626.634962	3555.902372	2768.713386
Rps25	190.1507738	167.1500527	175.0957189	169.6008982	494.2167167	411.8570859	398.9322648	438.9765308
Ddx21	855.1300295	684.0699281	668.1369332	540.0690263	2926.579998	2341.147311	2646.738597	2368.897401
Exosc2	1661.188415	1887.158653	1834.282332	1644.006172	8486.770799	7616.96209	9634.539522	9248.476404
2410003K15Rik	6122.902522	6127.148066	6798.496445	5930.754754	7444.71033	8243.26409	6979.945227	7712.591582
Skiv2l2	1462.276075	1720.962565	1718.578457	1768.119416	4017.2708	4252.218452	4466.719673	5227.842637
Mrpl22	2172.288494	2302.523236	2815.157649	2320.146197	3145.339432	3748.246193	4344.576989	4087.491457
Rps19	1230.475315	1133.05329	1301.53645	1253.720466	3595.558083	4053.633665	3956.475203	4179.167884
D10Ertd322e	5618.61955	5337.690724	6521.553705	4959.572312	10631.07598	10484.71481	11067.1797	11307.55976
Cebpz	363.5474838	351.8947061	301.2881247	292.0355113	610.5645426	599.2441044	773.8982033	654.8406176
Lgtn	1967.298281	2336.28409	1960.491946	1945.600784	2866.351853	2416.997055	2674.400844	2355.797798
Itgb4bp	849.8120556	1300.634606	1112.045421	1292.546081	1539.237354	2502.232272	2906.364633	2262.967265
Repin1	1867.639123	1191.034923	1494.036833	1557.482243	1074.909884	939.6632395	1179.532946	972.1263319
Zfp294	298.3785467	239.1878008	245.5716145	244.5524317	449.4447604	335.6933156	331.3012875	361.0362779
Mdn1	81.74168059	61.64876122	63.6460908	66.94943615	137.0919454	87.00340748	76.21483836	74.23357789
Pten	4332.547947	3067.823994	2910.396504	2526.632284	2079.469775	1465.319957	1512.794177	1224.519472
Mrpl43	11105.60217	11553.16089	12186.53194	11338.95447	11960.58223	9165.513532	9089.593115	8593.320571
Mrpl36	5231.467558	5278.820886	5352.51048	5035.7816	6347.619786	5529.755587	6467.53392	5235.094992
Mrpl34	5832.909601	5704.955825	6975.108774	5049.763125	12721.66605	11059.51117	11902.68969	10967.90227
Mrpl32	1868.934121	2062.244967	2367.255975	2214.860316	1673.902753	2224.090842	2040.914458	2121.6927
Mrpl33	12433.97532	10412.2916	12408.14646	9534.88617	20867.93176	16237.02836	16406.7288	18381.92199
Mrpl27	13097.46512	10240.51038	10809.40881	9033.065784	15683.93557	11284.07078	12563.92835	11795.91736
Mrpl20	14263.10043	13682.08047	14889.42066	11213.8962	34444.83388	24070.85889	30871.75758	23640.94361
Mrpl16	3329.292706	3158.44777	3635.656037	3072.07985	4764.13969	3819.055048	4219.920194	4614.63236
Mrpl13	6883.850258	6812.64823	7444.71033	6512.519176	11190.60178	10205.08091	11128.71964	11213.8962
Mrpl11	10952.70806	10572.28792	9871.133204	8890.199014	22396.72241	18394.66778	20199.0525	20157.09339
Mrpl9	748.5734136	928.6556968	1113.588112	810.6863267	1365.297845	1541.372669	1645.146105	1648.57065
Mrpl4	1216.9043	1392.05452	1144.102029	1420.319712	2347.647356	2053.686141	3215.884774	2400.301637
Mrpl1	1594.623367	1744.986307	2137.931627	1849.603093	2258.266446	2239.560617	2497.034433	2430.436962
Imp3	4711.595595	4669.330525	5881.628716	4850.776522	11457.46295	9953.581399	11763.25743	10757.08826
Sdad1	1127.568996	1147.278555	870.6807399	913.3348039	7121.670636	4022.843782	5849.104301	4261.069892
Sec61a2	139.198514	123.7255804	145.8154723	139.8755506	256.5328909	253.5277752	312.779034	238.5255499
Rpl41	16751.46905	17056.09786	14432.16383	13825.078	87197.55124	61786.32735	78423.58645	66820.35375
Noc2l	3063.574033	2373.82851	2876.303106	2323.364833	9070.711476	8605.241705	9681.400192	9864.293427
Mrpl24	6009.378178	6382.916237	7654.009626	6803.210437	7261.23888	6277.611357	7543.404112	7206.08523
Gadd45gip1	6936.537599	6312.51852	5412.20211	5056.768438	20199.0525	13070.25801	12373.79142	15629.67328
Mrpl18	3694.08155	3140.982087	4067.706861	3956.475203	6742.182669	5800.654595	6864.790607	8647.096055
Rpl38	22365.69547	20824.5832	17718.88252	17020.66755	117312.7261	84461.13418	108926.8432	92681.90002
Rpl7a	24070.85889	25923.98709	20824.5832	21129.92462	170924.538	122634.0431	148489.3566	152981.7467
2810422B04Rik	7527.734341	8433.992363	8203.364399	7506.891937	30383.49055	34230.62468	39786.73797	41793.76183
Mett11d1	249.6909982	273.6143338	367.0925435	340.3794197	312.3457306	389.3705608	428.7521216	446.6497054
Pcaf	2277.128515	2291.378383	1937.52606	2216.396072	541.5684934	744.95011	685.9692044	640.9197868
Rplp0	6658.585411	9210.092944	7301.615582	7734.005098	30914.58461	36032.22198	50780.95829	39211.79323
Nola2	3926.4233	4053.633665	4153.178029	4067.706861	27861.78368	28884.34181	30006.76144	30215.47497
Mrpl12	16821.28152	20552.12572	18859.45023	20623.47753	63172.10388	48712.35123	61572.56289	49051.17243
Nola1	587.7260359	554.4832233	586.9118391	464.3278484	2617.547496	3784.796457	3643.224038	3468.268799
2610012O22Rik	1726.937314	1665.800598	1573.760186	1590.208256	7131.550215	6950.976731	7847.405308	8068.0259
Rpl22	11657.73587	10390.66234	10311.73877	10513.82495	57329.89435	45355.8179	48241.92982	49598.19507
Mrps27	537.0825357	722.0725558	762.1863706	760.6030954	1024.710029	1125.226719	1450.163649	1345.568386
BC011248	2595.865645	2302.523236	1716.197652	2205.668098	2588.678346	1641.728675	1885.851028	1585.805369
Gtpbp2	671.3866313	635.1704564	679.8157611	866.4664029	446.9594067	494.2167167	578.0297753	574.037032
5730445M16Rik	1477.558975	1095.216218	1120.55675	1156.861148	1108.198036	874.3093395	937.7112949	912.7019478
Prnpip1	175.2171281	183.4190912	216.9171033	240.5178238	214.3760608	259.5736268	247.9662564	263.7450121
1110008B24Rik	2595.865645	3294.856687	3732.690045	2860.397634	3950.994164	4585.934392	4847.415385	4605.046472
Rnmtl1	625.5580681	686.9208191	706.7224849	688.8280108	1065.267473	884.6727039	1100.543153	1031.122483
Rpl10	16316.00235	16203.29949	18755.16065	14492.31049	37432.40182	41591.46839	40962.04153	46148.62363
Rpp25	61.81992505	52.85617056	60.8000245	50.98496616	165.5358633	131.1432733	109.2129406	114.9609437
1110014J01Rik	2024.009014	1827.936198	1819.088478	1955.063837	5282.481155	4414.394962	5166.601867	4963.011217
Mrps10	5634.219287	5341.391812	5297.147625	4714.862556	6449.626944	6034.422521	5752.606211	5943.100243
Eif2ak2	771.7554737	724.5794101	656.2037372	734.6941617	528.9545665	497.9993331	406.1869277	545.7135289
Mrps5	4685.541266	4442.019467	3964.711022	4138.809125	5681.27885	6630.950638	8945.832311	7755.478067
Eftud1	460.4816958	460.4816958	405.3431633	457.3009164	534.4829068	611.8354969	720.0733184	680.2871368
Letm1	74.38810288	51.51783281	67.6491546	73.87426672	53.96679106	68.4984767	65.39008529	60.08779183
Gtpbp6	376.8900767	388.5617288	369.6458741	456.6674019	472.4441562	391.5356871	517.7098654	393.167429
Abt1	1741.36148	1716.197652	1471.426741	1480.63467	2789.904455	1872.824503	2142.381957	2391.997224
Ran	9816.547503	11706.31999	12953.01209	11787.74389	55338.65656	80126.95324	81076.71412	76703.24537
Eif2ak3	595.104823	699.4126115	597.5849481	522.0340137	716.0914344	830.0186828	704.2774109	779.281091
Larp1	1109.73539	1149.666736	1064.529342	1036.137678	1725.740707	1200.150818	1458.2274	1393.985655
Mrps35	1802.77046	1544.581199	1861.177582	1539.237354	2757.222542	2988.073665	3281.182219	3430.016973
Mrps18c	2622.996196	2745.779388	3069.951184	3029.785619	2854.455785	2707.977431	3138.805679	3143.160005
1110032A13Rik	1496.109444	1623.621912	1982.355511	1672.742894	1620.249193	1669.268137	1841.926783	1862.4681
C1d	1565.057557	1495.072779	1963.21165	1512.794177	809.0023033	1306.960659	1167.332631	1219.437414
Wdr74	1237.317472	2085.243289	1986.481992	1794.044549	4059.257091	4894.683975	6026.062831	4463.624652
AA408556	159.1231576	156.9324621	139.198514	155.0941005	530.4231749	375.5861361	550.6531279	416.1615882
Rplp1	20940.37997	21115.28355	18548.30841	17330.19179	155009.8105	119528.9039	125994.3924	104200.3068
Zc3h12a	58.76967439	66.25695513	59.01459955	64.84844161	61.13810793	62.16367971	70.96324119	62.81338009
Mrpl3	3297.1413	4081.828917	4006.147987	3560.835318	10247.61102	11698.2086	12262.79311	12330.98135
Pes1	3396.89286	3776.934371	3023.491903	3290.292211	11820.4718	9748.739656	12616.28906	10426.73611
Pdcd11	77.54705027	84.85924866	72.65549454	82.02546715	133.8988723	101.4763695	127.9113079	110.0488302
Tbl3	465.6170249	559.5022024	491.4837817	463.363309	1002.23145	891.4437768	1247.65211	1005.710946
Mrps2	2149.819768	2210.259428	2248.894083	2175.302014	3719.775919	2308.916044	2828.85007	2743.876818
Rpl10a	5704.955825	6663.202391	6093.265971	5784.59404	19215.72781	19907.1628	20073.43648	18964.31972
Mettl5	1664.646353	1836.826951	2083.798409	1838.100584	1251.983644	1858.59923	2078.028895	2019.804579
2610033H07Rik	884.059708	1245.060386	968.0917676	1087.651007	2102.66019	2676.25524	3456.269501	2934.70546
Ftsj3	1510.698452	1590.208256	1196.827903	1221.129085	3992.287768	4359.660267	6356.425558	4601.855603
Rpl7	4538.500497	5748.62019	5319.223717	4344.576989	13326.40478	16349.96583	16821.28152	14920.41455
Utp20	1079.389617	1168.95202	1266.823658	1283.617813	2657.768995	1991.997332	2856.435029	2678.110922
Ythdf1	795.6554432	780.3621531	744.4339289	600.0754092	1248.517216	917.1411662	1058.642674	842.1888704
Ddx10	460.4816958	442.029854	459.2067377	463.6845993	742.8875304	939.6632395	914.6018328	894.5386454
Rpl12	13758.16078	11853.29059	9280.584788	9397.100742	90648.78106	65900.4182	82722.94918	80852.23308
Rpl27	22772.42011	19043.35434	20381.88693	16147.24034	104634.5661	76703.24537	83240.61479	87076.75351
Rpl30	6127.148066	6182.608767	6979.945227	5260.557554	16102.53269	14392.20479	16624.23116	14910.07609
Rpl32	18742.16506	17414.48273	14292.79057	14056.98917	105070.6352	84461.13418	104200.3068	103265.5846
Mrpl46	1245.060386	1448.154688	1693.743859	1403.681592	2038.08711	1904.240522	2352.534231	1986.481992
Rpl37a	30637.26728	32138.1664	22725.1154	22677.90895	161928.7916	99265.17168	123315.9596	106833.1608
Rpl37	10029.76373	9654.594829	9083.294872	8533.96217	35339.64679	32339.28138	28055.57771	34041.3351
Thex1	1041.899205	1205.988137	1298.832793	1411.486877	2334.665262	2486.671123	3057.210129	3541.144499
2600005C20Rik	165.1919988	130.8708519	128.0887536	124.7589928	1291.650467	811.2484464	1011.303282	790.7073363
Rps3	22334.71152	25040.92092	20566.37631	24288.73949	131709.5107	90648.78106	130799.7266	114580.3401
Ddx18	827.1470363	1042.621645	1172.19754	895.7795993	1819.088478	2464.364597	2577.934691	2401.965976
Narg1l	139.198514	140.5558802	174.4899337	150.8530442	452.2573064	377.674613	548.7480128	472.1167964
Riok3	2273.973931	3029.785619	2743.876818	2791.83894	2004.4629	1906.882191	2184.367679	1994.760742
Oraov1	561.0556244	645.8252333	708.6846546	783.0713743	293.6593982	409.5795857	378.7232024	360.0366592
Mrpl50	5653.77988	5716.83129	6888.623434	6178.324794	20353.65121	18003.6275	18768.16524	23138.37616
Prmt3	254.9375368	290.0182746	309.3293679	256.8887676	798.9713717	829.443557	1007.804439	851.5810287
Crlz1	4891.292414	5021.838787	6295.040743	7766.236898	8539.879513	6498.990843	7956.951003	8398.989213
Rrs1	1436.159233	1038.294507	852.1715043	1007.106124	3678.750199	2632.102579	3766.476989	2990.145558
Rpl36	18154.00199	15086.80822	13979.25639	13578.15652	66404.80421	54690.40025	60305.41787	57250.47331
Pwp1	794.0026433	834.0557446	898.8895208	752.7359162	1967.298281	2385.374385	2523.132054	2663.30142
Rps3a	13615.8554	15170.69963	14817.35172	13079.32076	49667.00045	61487.26433	66312.81138	70288.449
Pop7	1554.246915	1442.144488	1574.851411	1560.724306	2581.510946	1867.639123	2269.250248	2134.969878
Pwp2h	2076.589015	1840.650499	1575.943393	1632.650192	5541.266354	3813.764382	4750.948985	4708.330898
Dhx30	6544.1949	7296.556242	6649.361047	7901.988328	16589.69796	13363.40469	17186.64114	15705.6932
Fmr1	676.0564946	512	529.321337	512.7102749	1862.4681	1229.62271	1537.104996	1660.037366
9430016H08Rik	1743.777193	1693.743859	1743.777193	1567.228692	2221.009733	2278.707447	2196.514031	2085.243289
Nufip1	2406.965921	2167.776041	2164.772947	1991.997332	5311.854816	5035.7816	4932.146714	5744.636931
Pak1ip1	6526.075669	6251.55772	7116.735981	7092.113945	8952.035239	9715.011579	8220.440564	10092.52822
Rps13	150.7485171	93.63655813	117.6208491	114.5632091	322.2418364	233.6167651	326.0614337	326.0614337
Gcn1l1	1156.059551	748.0547218	975.50131	1069.707021	2082.354531	1663.492908	1991.997332	2082.354531
Tsr2	146.7279598	134.1775969	170.6622307	148.6731177	171.254727	152.7469751	157.2591335	146.2203196
Rps27a	13061.20154	14951.47296	13061.20154	11252.82802	53602.02931	49187.35987	62172.97528	46630.9435
D630004A14Rik	326.9667224	427.268752	431.4351767	414.7217785	342.0349641	307.6188287	388.5617288	347.7724888
Rpsa	137.282127	150.8530442	150.0188523	181.1448525	836.9513764	611.8354969	812.3738554	724.5794101
Srbd1	171.3734729	166.2257411	206.0713312	222.3979994	231.0401862	228.4920247	282.0877097	283.0670472
D530033C11Rik	266.501529	255.8226158	271.9127517	293.6593982	349.9487877	276.4739993	300.245747	317.8054378
Dhx37	203.6573398	120.7600961	111.4304721	132.055447	206.2142185	105.7123411	140.458488	122.1914898
Ddx49	908.2842165	1140.934298	976.8545798	859.8850488	2033.853431	1693.743859	1944.252664	1618.004607
Abcf1	4098.840115	4281.79497	4107.372281	4966.452507	13825.078	8404.812967	11545.15563	9403.616574
Glul	12668.86799	12468.49746	14603.23116	11513.18999	5304.496123	5626.414012	2801.531502	3953.733734
Mrpl15	2227.176224	2198.037067	2312.119101	2493.575206	2740.075632	3948.256493	4630.653203	4411.336197
Rps26	8118.514182	8248.979866	8158.001177	6950.976731	30446.73697	25691.4376	23170.47501	27212.84175
Mrpl2	2890.292927	2922.525708	2780.252119	2709.855109	3658.407331	3784.796457	4411.336197	4237.506894
Mrpl39	3834.971125	4284.763913	5568.218079	4383.902509	3550.97626	4457.441041	4311.57721	4608.239553
Letmd1	3065.698277	2926.579998	2655.927408	3042.412382	4864.244392	4269.939756	6308.144531	5922.538678
Mrpl28	20157.09339	19229.05175	21306.41136	20998.51959	36712.91377	36057.20627	39621.61319	43659.25827
Tcof1	752.7359162	545.3354001	504.6012605	445.4130446	5689.160236	2553.039246	3215.884774	2080.911653
Ict1	7907.467468	7082.288999	6770.281006	6898.179716	11151.88524	8433.992363	9988.137731	9884.82699
Mrps18a	4240.445128	5138.03143	4800.603274	5081.363651	6051.176708	5618.61955	6067.977413	6512.519176
Nufip2	1833.011345	1139.353723	1039.734887	1019.043555	2046.580926	1295.236651	1636.048725	1661.188415
Traf7	382.9467541	457.3009164	388.023441	457.3009164	1020.457229	771.7554737	1001.536997	980.2459732
Nsun5	490.1229866	751.1722722	742.8875304	735.7133704	1396.887383	1405.628858	1921.47701	1479.608727
Cirh1a	512.7102749	684.0699281	593.8686231	610.9879004	1271.221751	1405.628858	1638.318343	1595.729059
1500001L15Rik	9715.011579	8865.584288	10727.30459	9242.06807	12468.49746	13587.57144	12572.64002	13280.29892
Utp6	672.3180162	500.7684984	746.500802	606.7674987	1085.39165	1216.061098	1446.14851	1358.689424
Mrpl17	4423.583989	4022.843782	4073.349811	4098.840115	8865.584288	7332.045381	7685.908042	8387.353808
Rpl3	8480.890256	11861.50951	10506.53985	5800.654595	42701.52579	58493.95832	57171.16229	51847.97417
Rpp40	189.0992721	237.53561	222.8609442	187.4029691	435.0387196	566.9194673	563.393848	617.3736078
Sbds	7316.814662	5645.947507	6594.282599	6841.040236	3745.649007	4264.024464	4429.720631	4592.296256
Rps2	32294.48067	35808.14095	28645.08503	37849.85099	134197.6609	82037.73271	134197.6609	133270.69
Denr	1994.760742	2294.557111	2026.816832	2497.034433	3872.36707	3686.407904	4669.330525	4547.947863
4930517K11Rik	71.16026608	72.00374302	74.64635967	75.16556616	56.33657687	72.30382173	83.86517785	69.02274763
Sec61a1	17091.60192	22119.02235	19907.1628	23970.95888	31129.61255	40202.56693	38671.95288	37354.6442
Fbl	10036.71824	8859.441262	9429.725113	10113.53688	108926.8432	83587.52365	106242.3914	101140.4096
Rpl22l1	7548.634613	7082.288999	7723.290918	5449.846952	37640.5477	33595.95685	30090.07329	30110.93737
Ard1	1052.788558	947.5117343	1031.837451	959.4075616	2202.612512	2256.701677	2738.177015	2659.611858
Mrps11	1058.642674	1318.790789	1362.461738	1234.747216	1871.52681	1616.88348	2098.292374	1997.527985
Mrm1	614.3853478	515.9187253	569.2821286	600.491494	952.7804495	1009.902289	1126.787696	1250.249229
Ercc2	101.5467319	76.16202856	85.15385863	86.10350135	195.6321947	141.0438548	167.9630406	175.5818609
Ddx3x	4240.445128	4994.068865	3645.750203	4669.330525	8090.426257	7611.684243	10608.99225	9045.596956
Mrps34	17669.82339	14253.21743	10311.73877	11489.27386	25145.28004	19335.97644	19865.81003	18651.44777
Ppan	4326.545921	3074.209992	2256.701677	2193.471126	26358.8535	19948.60165	22804.01128	26068.1395
Rps6kl1	129.0691142	136.2393834	120.6764206	159.4543892	1209.336485	910.8060094	1256.330217	990.4909615
Nsun3	802.3011194	554.4832233	588.1335578	605.9269231	281.5017342	330.8423246	332.2211243	344.6528177
Mrps16	17768.07787	15371.81608	17198.55814	14342.41155	21618.81761	18445.7394	17414.48273	20580.63677
Mrps28	11682.00268	10719.87156	11657.73587	9967.389562	28804.36833	23788.88446	22583.79003	23074.31181
Rpl7l1	2590.473303	2524.881563	2372.183667	2201.086306	3929.145833	3399.248223	3937.324763	4073.349811
Mrpl35	4541.647436	3970.21109	4847.415385	3872.36707	6178.324794	5930.754754	6178.324794	7241.134334
Rps11	20680.73729	24020.85695	17487.05834	21799.38781	91786.85905	103695.9483	112377.9919	112377.9919
Sec61b	31805.75031	32205.06537	32294.48067	30404.55808	94498.25052	105070.6352	70288.449	78750.42014
Rpl3l	69.59925701	61.64876122	59.9629726	58.32328196	61.81992505	60.12945595	60.96883187	61.05341124
Sart1	3967.460103	2872.318465	4214.074196	3763.867171	5525.923981	5491.558775	6316.895541	5768.577953
Cks2	4891.292414	3975.718788	3929.145833	3918.267016	18343.73757	14492.31049	18599.8066	17091.60192
Pop4	718.5775237	763.7729417	812.9371453	753.2578539	966.0807689	1091.427058	1226.218194	1160.073099
Zcchc4	150.7485171	132.7897519	168.4293792	166.6872563	168.6630338	155.7404619	146.7279598	167.1500527
Dap3	8203.364399	8404.812967	9287.019829	10205.08091	21144.57584	19030.15906	21905.41612	26505.42402
2810012L14Rik	1926.811868	2092.482729	2059.388069	1980.981923	1600.159499	1427.227892	1200.982988	1514.892809
Ipo9	175.2171281	243.5374787	239.8518904	251.6020732	231.6816545	254.4079599	298.1717981	271.7243415
Gnl3l	288.6145055	261.3791042	337.7940252	286.4222979	437.4577873	469.8316197	523.8463845	450.6926149
Mrpl48	1768.119416	2169.279149	2031.035865	2019.804579	3317.774228	2826.88994	3140.982087	2478.067895
BC055111	57.92041362	55.3303828	65.11870029	66.94943615	57.80009665	62.81338009	57.68002961	71.06168535
BC051227	736.733993	886.5142431	868.2700438	1000.843025	1081.63648	836.9513764	1216.9043	1104.363962
BC003885	602.5762495	647.6183257	556.0227104	110.6607656	1229.62271	867.6684134	964.0739477	853.3536841
Riok1	1395.91947	1133.05329	759.5494061	671.8521624	2514.402681	1526.487436	1868.934121	1467.35273
Rpl18	8533.96217	9627.863682	8908.704898	9267.72808	38913.95514	45798.09597	44669.42304	44576.63209
BC053440	942.9255139	353.3612425	825.4288194	679.344712	2595.865645	2247.335808	2632.102579	2288.204059
2610027L16Rik	1218.592457	1453.182317	1333.49805	1448.154688	2373.82851	2117.285348	2856.435029	2239.560617
Wbscr22	3883.118449	3352.449768	3456.269501	3099.887192	4362.683201	4176.27211	4353.620682	4284.763913
Mrps36	1628.129794	1413.44497	1605.71485	1523.316493	3352.449768	2953.070329	3470.673654	3970.21109
Chchd1	20652.08757	23090.31125	24799.09754	23202.61838	61572.56289	58210.83129	68889.66777	65264.00942
Tsr1	610.5645426	698.4436915	576.4293561	410.7167572	1941.559225	2052.263127	2204.139776	2120.222564
Aurkaip1	13777.24687	12043.77466	11021.24817	11820.4718	23138.37616	16497.95973	15858.84409	17559.93641
Rps7	12721.66605	13079.32076	12739.31425	9521.677169	54804.24406	51847.97417	59681.65821	53010.84805
Rpl17	15629.67328	14920.41455	13456.35452	12313.89883	52864.07433	54918.32486	54690.40025	50992.59013
Exosc4	2988.073665	2998.447505	2900.327297	2787.971311	5326.60284	4504.027748	4854.13999	4813.931841
Bop1	1693.743859	2626.634962	2326.587934	2472.920251	5155.869383	5404.704403	6526.075669	5857.218504
Mrpl54	5116.707331	4611.434849	4269.939756	4219.920194	11144.15802	7804.01048	8404.812967	8056.84899
Rpl8	21996.70789	25531.66495	20709.42677	25232.57813	102694.5433	94498.25052	114104.8034	127841.7911
Eif5a2	234.590373	165.4211623	186.6252005	153.9160639	148.4671558	145.9165789	149.2927193	164.8488486
Wbp11	873.0981292	813.5008257	917.7771004	967.42097	1595.729059	1521.206191	1926.811868	1835.554201
Mphosph6	799.5253684	905.1417918	801.1896645	818.5915703	4598.666945	4847.415385	5556.651325	5106.078492
Rcl1	14664.09076	17282.20884	22334.71152	28605.40203	12546.52311	14312.61833	17020.66755	17682.07543
Xpo1	1183.627988	918.4134755	1270.340913	1091.427058	3683.853567	2776.400541	2551.270227	3065.698277
Mrps12	4538.500497	5382.273545	5446.070715	5938.982227	8404.812967	6422.8594	7367.707133	6672.445957
D330037H05Rik	1097.496026	748.0547218	801.1896645	729.1137001	1355.867044	1184.4487	1211.014144	1111.274877
A130042E20Rik	244.5524317	234.1030629	273.9939068	277.2416117	237.7003142	179.8935936	196.3113804	239.1878008
Nle1	458.8885502	376.8900767	357.0543786	392.6227609	1233.036678	1237.317472	1717.387642	1398.825223
Mrpl51	10433.96588	9594.553805	11861.50951	10484.71481	13354.14509	12819.03463	13456.35452	15575.59871
Rpl31	725.0818244	710.6522721	805.0865072	645.3777365	4098.840115	4028.424495	4050.824873	4605.046472
Rps21	17139.05565	16452.28103	15771.14736	13786.79984	98921.74027	92681.90002	89586.88965	89276.94256
Rps23	15793.02597	14879.10368	13606.42087	11690.10283	88783.25612	80852.23308	100650.8618	83587.52365
Mterfd2	1606.828232	1256.330217	1654.294073	1382.438897	991.1777555	1063.054613	1002.23145	1194.341755
Tfb1m	1478.583496	1365.297845	1468.370174	1315.139388	1397.855967	1495.072779	1764.446535	1684.377741
Ipo4	2213.325623	1734.1344	1888.467185	1762.002187	4767.443085	4708.330898	5138.03143	2946.935972
Cpeb3	488.0888552	321.1269644	332.2211243	381.8864708	424.3173911	355.0799281	418.765854	384.0099813
Rpusd1	206.9301424	237.53561	204.9317915	223.6346614	366.0761565	258.3172183	322.4652749	305.0707391
Exosc7	2112.887151	2347.647356	2170.7833	2368.897401	4803.931952	5046.264109	7062.679921	6051.176708
Ndufa7	9534.88617	8847.167978	11105.60217	8933.439346	5772.577813	6784.374058	5400.959445	6449.626944
Mterfd1	210.2555394	259.0344195	263.1971396	226.1286532	156.6064693	197.2662037	165.995463	185.4645958
Mrps15	2930.639913	3125.77886	2916.454801	2689.272065	7766.236898	6101.718889	6994.474716	6649.361047
Exosc3	1902.921061	1971.393419	1941.559225	2035.263679	3082.745339	2971.550122	3076.34161	2880.293273
Mrpl49	2762.96199	3272.09745	3425.265254	3182.621773	5102.540454	4833.99411	4734.51195	5308.174194
Dhx9	2830.811559	1881.933585	2069.404562	1930.82273	7013.894427	6216.98766	5893.871944	8135.413723
Wdr55	2375.474492	2285.034132	2285.034132	2262.967265	8306.356058	6238.571478	8146.699622	7590.609403
Rbm13	683.1222629	707.7028897	613.9596359	526.7592744	2080.911653	1815.30972	2046.580926	1914.829205
Rpl4	6042.793808	9229.26472	8192	9501.89797	19893.36899	38458.10351	38378.21522	39786.73797
Mrrf	5525.923981	6144.1597	6299.405645	6268.914769	7023.624492	6803.210437	6378.493469	7820.255348
Abce1	2689.272065	2561.902756	1913.502406	2517.8908	3475.488365	2944.894019	4332.547947	2908.37987
4921511H13Rik	301.9152876	276.2824285	303.3837494	295.2923149	819.1591714	551.0349439	546.8494889	630.3459396
Wdr46	2852.477912	2990.145558	3025.588354	3272.09745	7595.872636	4810.596234	8457.408803	7940.42218
Heatr3	329.4692473	334.9959863	305.7057759	354.3423273	646.2730404	662.1434531	818.5915703	627.7298483
2410019A14Rik	204.3643869	204.081274	222.8609442	239.0220659	305.9177484	403.9407825	419.9285305	457.6180031
Exosc9	515.9187253	582.0502903	637.8175568	556.4082496	504.2516188	535.9668644	614.3853478	588.5413622
Rnasel	104.1125374	134.1775969	119.4282229	130.6895521	149.2927193	120.9276212	155.0941005	156.6064693
Cpeb1	97.0731229	95.141311	94.94367577	125.3657981	61.81992505	89.38742608	73.72080911	76.10925536
Eef2	8422.308468	11577.21001	9762.263651	9782.584829	15478.73552	14203.90504	18343.73757	15045.03664
Pmaip1	129.0691142	145.8154723	137.663282	136.5229799	426.9726944	409.5795857	252.1258094	369.1337911
Rpl13	181.3961468	111.6624263	127.3804444	128.0887536	363.2955792	274.9451447	368.3669965	338.9667611
Smcr7l	1689.054308	1463.289999	1520.152136	1520.152136	1652.002323	1355.867044	1620.249193	1666.955643
Mrps21	1016.22208	1185.269982	1189.384941	1333.49805	942.9255139	985.0137136	1054.980049	1034.702281
Rps17	13280.29892	13691.56745	12563.92835	12237.31984	56894.43796	40650.90921	50745.77181	44576.63209
Mrps17	5885.706963	5934.867065	5487.753636	5249.629897	8197.68023	8921.06355	11433.66258	9988.137731
Hel308	108.6090114	98.22375014	82.76793164	80.72815417	150.9576438	98.29185726	97.00586026	78.52063854
Zfp622	2672.547733	2674.400844	2467.783301	2967.433533	3211.4297	2894.302503	2930.639913	3570.721749
Rpl6	7301.615582	5537.426772	7512.097122	6330.044823	21739.03078	21484.3722	24204.70683	22365.69547
Krr1	1500.263296	1555.32461	1388.200271	1418.352095	3324.680524	3023.491903	3080.609283	2961.269339
Eif2a	1209.336485	1538.170805	1421.304544	1437.155047	2738.177015	3497.237358	3959.218574	3660.944025
BC021438	611.8354969	616.0911493	536.3384971	617.8016869	1567.228692	1187.737246	1826.669608	1501.303559
Bxdc2	2942.853482	4087.491457	2894.302503	3091.304384	6131.396554	10064.58454	11245.03086	11394.10511
Gm1040	526.7592744	552.9479986	537.0825357	540.0690263	924.8015464	1003.621801	1410.508847	1129.133223
BC068171	181.3961468	140.5558802	164.7346237	145.9165789	672.3180162	611.8354969	719.0757764	536.7103875
Ddx47	1093.698978	1058.642674	1262.440781	1208.498528	1920.145606	1800.273021	2185.882292	1926.811868
5730427N09Rik	6946.16035	8158.001177	8034.541601	8352.544219	20129.16909	15013.78387	18885.61311	16225.77761
Gtf3a	1810.283584	2011.421891	1938.869517	1952.355421	12152.7905	7739.36776	10809.40881	9140.136528
Exosc1	1281.839574	1475.512063	1343.704325	1102.069888	3063.574033	2450.737077	2942.853482	2472.920251
2610101J03Rik	1224.519472	1061.581927	683.1222629	441.7235684	2770.633177	2354.165449	2341.147311	1353.050527
BC034507	202.5311491	304.2260749	302.9634616	324.258369	366.0761565	653.4803296	900.7606537	697.9597349
Gnl2	2979.80044	2694.870067	2367.255975	2302.523236	6436.229257	5618.61955	7141.443498	6672.445957
Rpl26	18548.30841	16797.97843	16973.5416	15024.19424	58089.91104	61317.02155	67052.33722	62172.97528
Nmd3	557.1801301	594.6924707	667.6739765	551.4170246	819.1591714	999.456523	1071.933729	1050.601621
Nol5a	3004.689089	3444.311717	2753.402868	2663.30142	30110.93737	30090.07329	38033.94587	41246.95506
Surf6	987.748541	956.7512032	763.243718	944.8883125	1912.176527	1429.207822	1799.025599	1246.787603
Impact	1143.309273	879.7806131	955.4257833	977.5319185	1305.150082	1326.124031	1172.19754	1092.18384
Mrps33	14879.10368	12765.83247	13892.3207	13484.36534	19295.81018	14603.23116	14593.11248	15350.52099
1810008A18Rik	2622.996196	2278.707447	2902.338348	2807.363185	4147.424491	3359.428244	3097.739258	3408.686017
Lsm6	3463.464089	3114.964487	4167.596819	2965.377377	3176.010573	3492.392517	3108.49383	3668.564665
B630005N14Rik	281.8922491	268.3551937	276.8575395	274.7546333	251.6020732	200.9927984	169.4833805	225.9719671
Rpusd3	504.2516188	507.7589661	416.4501494	438.6723608	260.8361463	320.6820963	397.0013216	333.3745125
1100001I22Rik	16867.98473	18612.70347	15749.29905	15793.02597	67565.53974	65083.30978	84227.28253	82436.74951
Hspa5	17198.55814	23937.7511	29328.18152	24936.99491	29985.96954	32406.59899	23706.58117	19948.60165
Pttg1	2286.618546	1929.484849	1854.738397	1957.77601	3290.292211	5857.218504	6148.419983	7506.891937
Ccdc44	700.3828756	693.1385749	764.3025322	849.8120556	416.1615882	411.001543	409.2957851	455.7187754
Srp68	993.2409962	1759.561226	1338.12762	1970.027427	2630.278777	3027.686259	4036.810084	3104.187528
Rrbp1	22756.64094	13853.85636	16102.53269	18267.60653	9475.589603	14056.98917	13568.74812	14037.51555
Nol6	681.230869	583.2618891	797.8645296	777.1234575	1645.146105	1446.14851	1595.729059	1839.3751
Rpl14	691.6987313	641.8089065	600.0754092	599.2441044	6874.313827	5363.652293	6084.824763	7967.989329
Rps10	10304.59369	7907.467468	9762.263651	8294.848982	33595.95685	29965.19205	30131.81591	32205.06537
Rpl23	12739.31425	12220.36707	12068.84504	11927.46639	40962.04153	41447.57284	42230.56709	39621.61319
Heatr1	1468.370174	1530.725631	1425.250705	1330.728	3536.238832	2474.634943	2906.364633	2803.474049
Gnb2l1	13025.03835	13493.71523	10667.9844	11935.73674	73885.31341	59228.3387	72214.45367	76331.98032
Rpl28	22412.25202	19920.96618	18128.85263	20353.65121	55108.98747	68889.66777	65264.00942	61529.89883
Mki67ip	2732.489052	3288.012344	2805.417943	2715.495957	9601.206548	7696.570362	9939.792366	8695.178928
Rps27l	36712.91377	36917.05888	41332.81493	39320.66226	88476.08939	66037.59684	65445.21076	79078.61592
Nol8	719.5743745	670.4565366	375.0658239	305.9177484	2095.385538	960.0728028	990.4909615	497.6542658
AI595406	142.2219173	110.0488302	139.198514	129.9668609	80.11497335	109.2129406	81.51535842	103.3933795
Rpl36a	9581.262144	9146.474185	8335.193638	7455.038047	57648.68184	50640.35858	56619.05305	52790.83994
Mrp63	15045.03664	12494.45194	13079.32076	11473.35738	34660.38358	31216.04192	29065.09493	37070.91232
Bysl	1951.00262	1665.800598	1839.3751	1516.994353	4170.486578	3658.407331	4329.545894	3645.750203
Wdr18	300.0377046	335.9260812	490.4628317	461.7601937	1163.293967	872.4931534	1080.887007	989.8046434
Oxa1l	290.0182746	279.3635525	310.6185114	320.2378445	519.8674436	438.6723608	498.3446396	529.6883617
Ebna1bp2	4949.269887	4830.644602	4980.241544	4438.94156	25691.4376	21799.38781	25355.30485	22119.02235
Zfp598	6051.176708	4932.146714	5227.842637	4711.595595	6485.490613	5198.933549	5004.464544	5018.359119
Mrpl23	11097.90702	7901.988328	10712.44369	8841.037713	16282.10943	13124.72887	13161.16884	13901.95346
Mett10d	1734.1344	1731.732045	2093.933631	1811.538812	3254.003303	3578.154582	2936.740348	4017.2708
Nvl	85.92464018	56.21954997	93.70148454	89.38742608	104.8366973	105.7123411	131.2342064	104.8366973
Dnajc1	2700.479722	2452.436387	2510.919393	1898.968159	1762.002187	1583.608499	1340.913073	946.8551968
Rpp38	597.5849481	492.8483549	548.3677815	443.8720325	1653.147801	1802.77046	2007.243603	1601.269029
Wibg	92.66804303	89.13993476	92.41146851	83.34362813	108.6090114	92.53966685	94.35322991	92.53966685
Ddx52	370.4153308	522.3959855	408.162548	300.4539336	555.2524333	716.5879632	637.8175568	468.2061258
Elavl4	64.89340671	56.21954997	65.11870029	63.42589205	53.74281555	63.42589205	60.96883187	71.06168535
Ythdf3	841.6053118	918.4134755	733.676365	794.0026433	750.6517797	720.0733184	801.1896645	767.4877961
Utp18	524.5730934	563.0034684	702.3274438	613.1090968	1130.699619	1471.426741	1416.387204	1577.036133
Imp4	84.33151691	130.0569783	118.8501571	130.6895521	219.7927517	246.0827977	359.7871873	306.129868
Gtpbp5	1475.512063	1768.119416	2108.498091	1829.203666	1146.483598	1445.146464	1393.019753	1454.189935
Mrps31	8300.600526	8853.302494	9926.022434	8859.441262	10990.73311	13280.29892	13088.3898	13825.078
AK122209	275.5174719	172.0876793	272.4787667	206.6434751	730.1251673	607.1882237	740.3173348	589.7664729
