Gene	Myc.low_1	Myc.low_2	Myc.low_3	Myc.high_1	Myc.high_2	Myc.high_3
Rpl13a	7028.79444	6842.832988	6815.450144	11874.31019	12649.59181	10954.18617
Las1l	874.5296221	905.8420747	892.1588725	1214.357135	1355.39161	1305.713882
Uba52	17.18310529	7.842788525	13.40920149	23.60058037	33.93953143	26.15612744
Pnpt1	305.6783995	279.3993412	286.9569119	557.8318996	540.8428557	598.4521959
Rps27a	2866.865462	2811.639686	2794.477591	6315.300755	6499.96768	6259.68442
Isg20	126.6123548	133.3274049	120.6828134	733.7634987	788.272988	726.0940978
Rpl35a	802.1797051	835.2569779	818.8552377	1845.136283	1788.941753	1644.697294
Nip7	269.5034409	289.2028269	257.4566686	453.7747952	534.2739141	431.0529803
Nop10	405.1595354	357.8272265	382.6092159	756.2913254	741.1955734	642.39449
Rrp9	266.7903191	253.9102785	255.6687751	420.519432	491.5757939	442.5616764
Mtor	556.1899872	506.8402084	530.1104323	472.0116073	449.9724973	482.3189901
Pin4	175.4485488	152.9343762	140.3496423	161.9858016	194.8785998	200.8790588
Ddx51	235.1372303	247.0478385	223.4866915	303.5892838	341.5849615	291.9023823
Prkdc	428.6732584	439.1961574	447.8673298	354.0087055	320.7833132	329.5672058
Mrps16	165.5004352	153.9147248	177.0014597	223.1327598	210.2061301	170.5379509
Mrps28	161.8829394	184.3055303	153.7588438	245.6605865	257.2835447	224.942696
Rpl7l1	526.3456464	452.9210373	520.2770178	716.5994402	679.8854522	697.8454802
Mrpl35	150.1260778	173.5216961	134.9859617	204.8959477	193.7837762	193.5553431
Rps11	3012.46967	2897.91036	2873.144906	5742.450304	5740.160106	5377.699802
Sec61b	202.5797677	214.6963359	229.7443189	303.5892838	256.1887211	264.7000097
Rpl3l	2.713121889	1.960697131	5.363680596	4.291014612	3.284470783	7.323715684
Sart1	1125.04121	1106.813531	1153.191328	1217.575396	1334.589962	1324.546294
Cks2	245.9897179	250.9692328	207.3956497	366.8817493	433.5501434	433.1454705
Pop4	549.8593694	515.6633455	564.0804094	419.4466783	387.5675524	382.9257058
Gm3550	0	1.960697131	1.787893532	1.072753653	1.094823594	1.046245098
Zcchc4	196.2491499	216.657033	210.07749	228.4965281	229.9129548	219.7114705
Dap3	609.548051	560.7593796	555.1409417	780.9646594	845.2038149	773.1751272
Mtif3	426.8645105	480.3707972	472.0038925	622.1971187	619.6701545	604.7296665
Ipo9	1796.991064	1707.767201	1743.196194	1521.16468	1386.046671	1475.205588
Gnl3l	1060.830658	1083.285165	1039.660089	1362.397139	1354.296786	1433.355784
Mrpl48	344.5664799	358.807575	358.4726532	542.8133484	491.5757939	490.6889508
Mpv17l2	538.1025079	558.7986824	498.8222954	495.6121877	462.0155569	443.6079214
Rsl24d1	189.9185322	153.9147248	196.6682885	288.5707327	307.64543	267.838745
Riok1	158.2654435	138.2291478	137.667802	159.8402943	186.1200111	160.0755
Rps5	2836.116748	2958.691971	2801.629165	5790.724219	6389.390497	5713.544479
Nck1	458.5175992	484.2921914	418.3670865	367.954503	366.7659041	333.7521862
Spcs1	611.3567989	548.0148482	608.7777477	497.757695	524.4205017	463.4865783
Mcts1	147.412956	148.0326334	182.3651403	146.9672505	165.3183628	176.8154215
Nol11	521.8237766	503.8991627	527.428592	591.0872628	614.1960365	590.0822351
Noc4l	196.2491499	179.4037875	192.1985547	401.2098662	443.4035558	413.2668136
Wdr12	408.7770312	386.2573349	391.5486835	620.0516114	645.9459207	541.9549606
Fau	3924.982999	4013.547028	3839.50136	7405.218467	7881.635056	7094.588008
Hba-a1	0	0	0	1.072753653	0	2.092490196
Naa15	1371.935302	1450.915877	1494.678993	1538.328738	1665.226687	1619.587411
Rps20	2152.410032	2151.865102	2004.228649	4056.081562	4426.371792	3982.008842
Wdr75	310.2002693	281.3600383	320.0329422	479.5208829	485.0068523	487.5502156
Pih1d2	12.66123548	16.66592562	16.09104179	9.654782877	6.568941567	7.323715684
Mrps7	469.3700867	478.4101	485.413094	602.887553	657.9889803	589.03599
Cul4b	1202.817371	1287.197667	1091.509001	900.0403149	848.4882857	917.5569507
Rps29	1207.33924	1210.730479	1191.631039	2426.568763	2516.999444	2272.444352
Utp14a	172.7354269	149.012982	160.9104179	285.3524717	266.0421335	290.8561372
Isg20l2	269.5034409	263.7137642	236.895893	417.301171	354.7228446	386.0644411
Trmt112	602.3130593	610.7571564	583.7472382	970.842056	1111.245948	996.0253331
Ddx17	3678.088907	3684.14991	3675.015155	3944.515182	3802.322344	4235.200156
Mrpl45	588.7474498	595.0715794	581.9593447	1038.425536	1109.056301	1104.834823
Rpl11	2212.098713	2419.50026	2259.897425	4199.830551	4659.569218	3790.545989
Rrp8	217.0497511	196.0697131	211.8653836	255.3153694	340.4901379	260.5150293
Mrps18b	365.367081	327.4364209	353.1089726	388.3368224	428.0760254	372.4632548
C1qbp	1501.260778	1401.898449	1336.450415	2818.123846	3031.566533	2765.225793
Wdr36	506.4494192	569.5825166	539.9438467	982.6423461	928.4104081	908.1407449
Nat10	349.9927236	357.8272265	381.7152691	551.3953776	573.6875635	517.8913234
Wdr43	595.0780676	625.4623849	610.5656412	1217.575396	1150.659598	1166.563284
Ighmbp2	143.7954601	144.1112392	153.7588438	170.5678308	195.9734234	187.2778725
Suv39h1	409.6814052	343.121998	382.6092159	602.887553	556.170386	534.631245
Mrps9	239.6591002	237.2443529	264.6082427	492.3939267	445.5932029	480.2264999
Mrps24	232.4241085	266.6548099	272.6537636	355.0814591	416.0329659	290.8561372
Mrps14	376.2195686	354.8861808	371.8818547	485.9574048	474.0586164	468.7178038
Mrps25	501.9275494	435.2747632	451.4431168	533.1585655	521.136031	536.7237351
Mrps23	319.2440089	319.5936324	333.4421437	482.7391438	469.679322	502.1976469
Mrps22	143.7954601	157.8361191	117.1070264	213.4779769	247.4301323	211.3415097
Rbm3	2278.118013	2053.830245	2208.942459	2316.075137	2338.543198	2324.756607
Letm2	19.89622718	24.50871414	15.19709502	20.38231941	20.80164829	14.64743137
Xrcc5	384.3589342	384.2966377	389.76079	391.5550833	367.8607277	391.2956666
Eif3c	2994.382191	2914.576286	3043.888738	3889.804746	3915.089174	4056.292244
Eif3h	1796.08669	1787.175435	1808.454308	3098.11255	3236.298545	2979.706038
Rexo4	404.2551614	390.1787291	394.2305238	493.4666804	509.0929714	549.2786763
Rpl18	3450.186668	3374.359763	3320.118289	7562.913254	7898.05741	7130.160341
Dcaf13	334.6183663	380.3752435	385.2910562	446.2655196	442.3087322	434.1917156
Nol10	274.9296847	249.9888842	231.5322124	287.497979	285.7489582	261.5612744
A230050P20Rik	0.904373963	0.980348566	0.893946766	8.582029224	8.758588756	5.231225489
Utp15	311.1046432	314.6918896	329.8663567	406.5736345	391.9468468	442.5616764
Pars2	38.8880804	30.39080554	48.27312537	48.27391438	42.69812018	49.17351959
Lyar	194.440402	162.7378619	145.7133229	525.64929	533.1790905	529.4000195
Rpl19	5171.21032	5339.958637	5229.588581	9212.808372	9428.620795	8650.354468
Naf1	179.0660447	208.8142445	216.3351174	438.7562441	402.8950828	436.2842058
Rpl37rt	45.21869814	55.87986824	37.54576417	83.67478493	107.2927123	89.97707841
Pa2g4	1340.282213	1324.450912	1347.177776	2819.1966	2829.024168	2799.751882
Ltv1	207.1016375	202.9321531	202.0319691	201.6776868	223.3440133	205.0640392
Npm3	468.4657128	409.7857004	429.9883945	1012.679448	1001.763589	962.5454899
Drosha	599.5999374	616.6392478	633.8082571	699.4353818	741.1955734	759.573941
Rpn2	2896.709803	2860.657115	2993.827719	2878.198051	3114.773126	2959.827382
Mrpl21	321.9571308	318.6132838	274.4416572	477.3753756	479.5327344	485.4577254
Dhx29	497.4056796	528.4078769	527.428592	343.281169	429.170849	420.5905293
Gfm2	732.5429099	757.8094413	719.6271467	723.0359621	764.1868689	756.4352057
Chd7	11.75686152	10.78383422	12.51525472	17.16405845	28.46541346	46.0347843
Rps15a	2092.72135	2050.889199	1953.273684	3640.925898	3953.408	3762.297372
Tsr3	85.91552647	89.21171948	92.97046367	121.2211628	135.7581257	122.4106764
Rpp30	173.6398009	173.5216961	185.0469806	255.3153694	268.2317806	242.7288627
Wdr3	387.0720561	402.9232605	437.1399686	626.4881334	673.3165106	661.2269018
Gtpbp4	647.5317574	750.9470013	701.7482113	788.473935	843.0141677	897.6782939
Mrpl44	150.1260778	174.5020447	149.2891099	175.9315991	197.068247	196.6940784
Rpl27a	2935.597884	2945.94744	3112.722639	6253.081043	6287.571903	6010.678087
Utp14b	62.40180344	67.64405103	80.45520894	70.8017411	55.83600332	70.09842155
Nop9	297.5390338	308.8097982	269.9719233	316.4623276	336.1108435	326.4284705
Rpf1	200.7710198	185.2858789	177.8954064	240.2968183	252.9042503	234.3589019
Ndufab1	662.9061148	683.3029503	704.4300516	941.8777073	1001.763589	920.695686
Nop2	770.5266164	759.7701384	746.4455496	1285.158876	1145.18548	1143.545892
Exosc5	156.4566956	143.1308906	143.0314826	258.5336304	268.2317806	181.0004019
Emg1	441.3344939	417.628489	438.0339154	792.7649496	948.1172328	825.4873821
Nop16	207.1016375	236.2640043	243.1535204	539.5950875	526.6101489	469.7640489
Ddx27	599.5999374	582.327048	552.4591014	1096.354233	1116.720066	1076.586206
Rps14	3577.703397	3492.001591	3445.270836	7188.522229	7669.239279	6440.684822
Rps15	2657.955077	2612.628927	2635.355066	5009.75956	5314.273727	4738.444048
Rpl39	1696.605554	1732.275916	1575.134202	2716.212249	2880.480877	2799.751882
Rpf2	192.6316541	191.1679703	228.8503721	372.2455176	367.8607277	351.5383528
Cul4a	1269.741044	1317.588472	1272.980195	1501.855114	1517.425502	1636.327333
Rrp15	179.9704186	200.971456	227.9564253	319.6805886	340.4901379	310.734794
Srfbp1	94.9592661	86.27067378	93.86441043	144.8217432	131.3788313	146.4743137
Mrpl55	97.67238799	94.1134623	88.50072984	119.0756555	108.3875359	93.1158137
Rps4x	5844.968922	5711.510744	5648.849615	11478.46409	12162.39531	11788.04352
Utp11l	207.1016375	190.1876217	197.5622353	393.7005907	411.6536715	345.2608823
Rplp2	2311.579849	2356.757952	2284.927934	4561.348533	4897.145938	4579.414793
Cpeb2	528.1543943	527.4275283	526.5346452	257.4608767	226.6284841	268.8849901
Gemin5	445.8563637	480.3707972	440.7157557	991.2243754	960.1602923	999.1640684
Zcchc17	136.5604684	142.150542	125.1525472	106.2026116	104.0082415	115.0869608
Ddx31	154.6479477	147.0522848	182.3651403	178.0771064	165.3183628	192.509098
Dis3	263.1728232	272.5369013	268.1840298	405.5008808	408.3692007	412.2205685
Srp72	1649.578108	1728.354521	1633.240742	2308.565861	2169.940364	2305.924195
Stau2	677.3760982	684.2832988	674.0358616	493.4666804	481.7223816	495.9201763
Eif3k	675.5673503	701.929573	702.6421581	1084.553943	1239.340309	1095.418617
Rpl21	3364.271142	3247.894798	3175.298913	5082.706808	5442.368088	5235.410469
Rps28	1526.583249	1628.358968	1539.376331	2670.083842	2594.731919	2434.612342
1810022K09Rik	215.2410032	217.6373816	208.2895965	270.3339206	292.3178997	311.7810391
Cebpz	575.1818404	620.5606421	609.6716944	780.9646594	844.1089913	832.8110978
Eif2d	368.9845769	384.2966377	390.6547368	556.7591459	575.8772107	522.0763038
Rpl36a-ps1	4.521869814	11.76418279	9.833414426	10.72753653	25.18094267	19.87865686
Eif6	1143.128689	1138.184685	1186.267359	1688.51425	1739.674692	1695.963303
Repin1	397.0201697	383.3162892	400.4881512	352.9359518	373.3348457	368.2782744
Ltn1	1096.101243	987.2110056	1121.009245	1189.683801	1133.14242	1159.239568
Mdn1	444.9519897	401.9429119	473.791786	713.3811792	551.7910916	637.1632645
Pten	0	0.980348566	0	0	0	0
Mrpl43	695.4635775	760.750487	733.0363482	894.6765466	902.1346418	820.2561566
Mrpl36	241.4678481	233.3229586	238.6837865	414.0829101	413.8433187	321.197245
Mrpl34	316.530887	284.301084	298.5782199	445.192766	490.4809703	456.1628626
Mrpl32	177.2572967	192.1483189	175.2135661	236.0058037	262.7576627	211.3415097
Mrpl33	571.5643445	650.9514476	623.9748427	564.2684215	659.0838039	590.0822351
Mrpl27	183.5879145	236.2640043	210.07749	244.5878329	295.6023705	247.9600882
Mrpl20	233.3284824	230.3819129	237.7898398	268.1884132	284.6541346	238.5438823
Mrpl16	441.3344939	480.3707972	464.8523183	548.1771167	543.0325028	522.0763038
Mrpl13	190.8229062	231.3622615	197.5622353	374.3910249	423.6967311	370.3707646
Mrpl11	337.3314882	385.2769863	378.139482	456.9930562	453.2569681	404.8968528
Mrpl9	274.0253108	281.3600383	296.7903263	470.9388537	409.4640243	424.7755097
Mrpl4	174.5441748	197.0500617	223.4866915	360.4452274	358.0073154	333.7521862
Mrpl1	174.5441748	183.3251818	162.6983114	254.2426158	263.8524863	239.5901274
Imp3	226.0934907	221.5587758	236.895893	408.7191418	466.3948512	459.3015979
Sdad1	219.762873	198.0304103	210.9714368	500.975956	488.2913231	530.4462646
Gm6133	1.808747926	0	0.893946766	0	0	0
Sec61a2	246.8940919	196.0697131	218.1230109	315.389574	325.1626076	338.9834117
Rpl41	4037.12537	4056.682365	3891.350273	7227.14136	7846.600701	6342.337783
Noc2l	552.5724913	527.4275283	531.8983258	838.8933566	983.1515878	937.4356076
Mrpl24	477.5094524	478.4101	468.4281054	448.411027	528.7997961	434.1917156
Gadd45gip1	377.1239425	338.2202552	349.5331855	613.6150895	662.3682746	573.3423136
Mrpl18	257.7465794	290.1831754	285.1690184	357.2269664	362.3866098	369.3245195
Rpl38	1040.934431	1062.697845	1058.432971	2067.196289	2146.949069	1857.085049
Rpl7a	5697.555966	5653.670178	5641.69804	11478.46409	12379.17038	11115.30792
Wbscr22	280.3559285	312.7311924	308.4116343	321.8260959	325.1626076	331.659696
Mrps36	145.604208	153.9147248	135.8799084	163.0585553	141.2322437	159.0292549
Chchd1	255.0334575	237.2443529	244.0474671	393.7005907	416.0329659	366.1857842
Tsr1	659.2886189	699.9688759	661.5206069	901.1130685	859.4365216	899.7707841
Aurkaip1	286.6865462	287.2421297	293.2145393	271.4066742	269.3266042	287.7174019
Rps7	2988.955947	2963.593714	3062.66162	6130.787127	6253.632372	5688.434597
Rpl17	3180.683227	3165.545519	3101.995278	5758.541609	5708.410221	5394.439724
Exosc4	208.9103854	209.7945931	201.1380224	228.4965281	285.7489582	259.4687842
Bop1	605.9305551	617.6195964	668.672181	991.2243754	1028.039355	921.7419311
Mrpl54	229.7109866	238.2247015	192.1985547	286.4252254	335.0160199	263.6537646
Rpl8	4683.752754	4660.577081	4711.993404	10875.57653	11955.47365	10340.0403
Eif5a2	392.4982999	402.9232605	381.7152691	269.2611669	291.2230761	269.9312352
Wbp11	782.2834779	748.0059556	707.1118919	1014.824956	1003.953236	1030.551421
Mphosph6	170.022305	178.423439	185.0469806	355.0814591	413.8433187	371.4170097
Rcl1	324.6702527	340.1809523	345.0634517	728.3997304	716.0146308	674.8280881
Xpo1	1727.354269	1702.865459	1737.832513	2513.461809	2408.611908	2531.913137
Mrps12	123.8992329	122.5435707	114.4251861	155.5492797	153.2753032	120.3181862
Larp4	1259.79293	1266.610347	1218.449442	1538.328738	1513.046208	1540.072784
Ybey	55.16681174	69.60474816	63.47022039	64.36521918	43.79294378	55.45099018
Nle1	87.7242744	75.48683956	65.25811392	169.4950772	154.3701268	175.7691764
Mrpl51	428.6732584	420.5695347	438.9278621	425.8832002	514.5670894	492.781441
Rpl31	2578.370168	2696.938904	2784.644176	4323.197222	4379.294378	4243.570117
Rps21	2181.349998	2394.011197	2277.77636	4742.6439	4802.991109	4205.905293
Rps23	2880.431072	2898.890709	2722.961849	5216.801015	5521.195387	5147.525881
Mterfd2	169.1179311	191.1679703	152.864897	158.7675406	154.3701268	164.2604803
Tfb1m	31.6530887	45.09603402	48.27312537	62.21971187	67.87906286	49.17351959
Ipo4	882.6689878	832.3159322	826.0068118	976.2058242	1052.125474	1057.753794
Cpeb3	36.17495852	43.13533689	46.48523183	43.98289977	51.45670894	54.40474508
Rpusd1	65.11492533	77.44753669	58.10653979	55.78318996	47.07741456	44.9885392
Exosc7	181.7791665	138.2291478	170.7438323	349.7176909	380.9986109	370.3707646
Ndufa7	384.3589342	381.355592	383.5031626	373.3182712	416.0329659	317.0122646
Mterfd1	137.4648424	145.0915877	112.6372925	107.2753653	114.9564774	87.88458821
Mrps15	225.1891168	194.109016	239.5777333	350.7904445	332.8263727	383.9719509
Exosc3	113.0467454	124.5042678	126.046494	237.0785573	210.2061301	200.8790588
Mrpl49	641.2011397	648.9907505	677.6116487	725.1814694	794.8419296	770.0363919
Dhx9	2518.681487	2560.670454	2688.991872	1884.828168	1768.140105	1902.073588
Wdr55	289.3996681	269.5958556	297.6842731	547.104363	501.4292063	507.4288724
Mak16	583.3212061	542.1327568	554.2469949	935.4411854	919.6518193	881.9846174
Rpl4	7010.70696	7027.138519	6954.90584	14857.63809	15762.17529	15054.42071
Mrrf	416.0120229	383.3162892	354.0029194	337.9174007	366.7659041	385.018196
Abce1	1819.600413	1830.310772	1763.756969	2585.336304	2417.370497	2628.167686
Urb1	151.0304518	128.4256621	134.0920149	209.1869623	212.3957773	243.7751078
Wdr46	439.525746	443.1175517	441.6097024	610.3968286	648.1355679	629.8395488
Heatr3	580.6080842	573.5039109	557.822782	790.6194423	780.6092228	799.3312547
Znhit6	170.022305	152.9343762	127.8343875	152.3310187	152.1804796	147.5205588
Exosc9	624.9224084	632.3248249	621.2930024	670.4710331	679.8854522	708.3079312
Rnasel	1.808747926	3.921394263	0.893946766	0	1.094823594	1.046245098
Cpeb1	185.3966624	197.0500617	161.8043647	89.0385532	81.01694599	77.42213723
Eef2	23987.61499	23975.40452	24020.3496	38634.15006	39479.33882	39932.03665
Pop7	108.5248755	110.7793879	143.0314826	124.4394237	149.9908324	149.613049
Pwp2	375.3151946	347.0433922	337.0179308	364.736242	365.6710805	401.7581175
Dhx30	733.4472839	710.7527101	707.1118919	718.7449475	747.764515	793.0537841
Fmr1	1418.962748	1284.256621	1348.071723	1432.126127	1376.193258	1563.090176
9430016H08Rik	221.5716209	209.7945931	189.5167144	192.0229039	222.2491897	210.2952646
Nufip1	88.62864836	85.29032521	96.54625073	155.5492797	172.9821279	132.8731274
Pak1ip1	383.4545603	374.4931521	347.745292	401.2098662	397.4209648	382.9257058
Rps13	1683.944319	1731.295567	1761.969076	3541.159809	3733.348457	3220.342411
Gcn1l1	1692.988059	1668.553259	1677.044133	1919.156285	1817.407167	1935.553431
Tsr2	173.6398009	170.5806504	165.3801517	277.8431961	248.5249559	254.2375588
Fdxacb1	51.54931588	62.7423082	49.16707213	64.36521918	60.21529769	62.77470587
Rpsa	9187.535089	9150.573512	8965.392117	17168.34946	18307.64015	16670.86939
Rpl13	4425.1018	4417.450637	4398.218089	8987.530105	9494.310211	8762.302694
Mief1	287.5909202	308.8097982	266.3961363	350.7904445	371.1451985	353.630843
Mrps21	375.3151946	365.670015	378.139482	354.0087055	411.6536715	404.8968528
Rps17	2467.132171	2512.633374	2510.202519	4565.639547	4681.46569	4412.015577
Mrps17	200.7710198	241.1657472	250.3050945	269.2611669	260.5680155	270.9774803
Helq	108.5248755	119.602525	116.2130796	127.6576847	88.68071115	99.39328429
Zfp622	475.7007045	457.8227802	434.4581283	523.5037827	545.22215	501.1514018
Rpl6	4502.877961	4475.291202	4358.884431	8646.394443	9153.820073	8524.805057
Krr1	505.5450453	501.9384656	539.9438467	629.7063943	607.6270949	627.7470587
Eif2a	617.6874167	586.2484423	616.8232686	1310.904964	1292.986665	1331.870009
Kri1	278.5471806	256.8513242	235.1079995	304.6620375	297.7920177	321.197245
Mtg1	97.67238799	114.7007822	110.849399	169.4950772	167.50801	160.0755
Srbd1	295.7302859	284.301084	243.1535204	377.6092859	366.7659041	375.6019901
Utp23	100.3855099	91.17241661	84.03099601	72.9472484	90.87035834	75.32964704
Dhx37	401.5420395	406.8446547	369.2000144	464.5023317	421.5070839	409.0818332
Ddx49	642.1055136	606.8357621	642.7477248	504.1942169	494.8602647	478.1340097
Abcf1	1806.939178	1876.387155	1828.121137	2168.035133	2151.328363	2192.929725
Glul	1917.272801	1992.068285	1857.62138	437.6834904	500.3343827	543.0012057
Mrpl15	481.1269483	494.0956771	458.594691	933.2956781	944.832762	916.5107056
Rps26	2164.166893	2273.428324	2146.366185	5215.728261	5504.773033	5160.080822
Mrpl2	368.9845769	378.4145463	370.0939611	436.6107368	451.0673209	441.5154313
Mrpl39	323.7658787	345.0826951	324.5026761	380.8275468	426.9812018	370.3707646
Mrpl17	507.3537932	453.9013859	453.2310104	695.1443671	757.6179274	714.5854018
Rpl3	4160.120229	4162.56001	4185.458759	9798.531866	9886.257058	9531.292841
Rpp40	45.21869814	40.19429119	41.12155124	47.20116073	63.49976848	56.49723528
Sbds	469.3700867	478.4101	443.397596	367.954503	399.610612	391.2956666
Rps2	2368.555409	2269.50693	2242.018489	4118.301274	4454.837206	4135.806871
Denr	434.0995022	436.2551117	370.9879079	528.8675509	515.661913	519.9838136
Rpl39l	0	0.980348566	0	0	0	0
Brix1	359.9408372	354.8861808	360.2605467	512.7762461	521.136031	482.3189901
Nom1	451.2826075	387.2376834	406.7457785	557.8318996	530.9894433	567.064843
Gm10260	876.33837	893.0975433	958.3109332	1958.84817	1933.458468	1661.437215
Dkc1	306.5827734	318.6132838	298.5782199	743.4182815	677.695805	766.8976567
Ddx47	430.4820063	384.2966377	402.2760447	574.995958	621.8598017	598.4521959
Nsa2	661.0973669	649.971099	644.5356183	1217.575396	1226.202426	1143.545892
Gtf3a	516.3975328	492.13498	522.9588581	763.8006009	730.2473375	690.5217645
Exosc1	237.8503522	239.20505	219.0169577	344.3539226	359.102139	307.5960587
Esf1	486.553192	459.7834773	429.0944477	644.7249455	578.0668579	650.7644508
Sec61a1	1953.44776	1977.363057	2028.365212	1985.667012	1933.458468	1967.987029
Fbl	674.6629763	740.1631671	708.8997855	1397.79801	1557.933975	1419.754598
Rpl22l1	870.0077523	905.8420747	838.5220665	1830.117732	1860.105287	1714.795715
Naa10	52.45368985	105.8776451	79.56126218	219.9144989	292.3178997	245.867598
Mrps11	154.6479477	161.7575133	154.6527905	169.4950772	203.6371886	149.613049
Mrm1	119.3773631	125.4846164	134.0920149	126.5849311	178.4562459	151.7055392
Ercc2	277.6428066	256.8513242	222.5927447	307.8802984	305.4557829	320.1509999
Ddx3x	3896.947406	3666.503636	3721.500387	3647.36242	3415.849615	3790.545989
Mrps34	268.599067	276.4582955	277.1234975	458.0658098	486.1016759	428.9604901
Ppan	283.9734243	219.5980787	248.517201	497.757695	551.7910916	501.1514018
Rps6kl1	2.713121889	0	0.893946766	3.218260959	8.758588756	2.092490196
Nsun3	231.5197345	230.3819129	249.4111477	185.586382	198.1630706	170.5379509
Tsc1	607.7393031	642.1283105	628.4445765	521.3582754	478.4379108	576.4810489
Rpl29	543.5287517	510.7616027	530.1104323	920.4226343	1008.33253	977.1929213
Mettl15	56.0711857	47.05673115	61.68232686	77.23826302	77.73247521	91.0233235
Rpl23a	3286.494981	3413.573706	3346.936692	6864.550626	7108.689599	6750.373371
Bag6	2837.925496	2711.644133	2800.735218	2519.898331	2412.991202	2404.271235
Nsun4	71.44554307	86.27067378	92.0765169	84.74753859	56.93082691	69.05217645
Shq1	91.34177025	98.03485657	99.22809103	175.9315991	170.7924807	173.6766862
Lsg1	414.203275	386.2573349	415.6852462	390.4823297	459.8259097	416.4055489
Gtf2h5	201.6753937	251.9495814	212.7593303	213.4779769	204.7320122	211.3415097
Aatf	323.7658787	364.6896664	356.6847596	468.7933464	466.3948512	456.1628626
Mrpl14	347.2796017	377.4341978	361.1544935	461.2840708	522.2308546	418.4980391
Mrps26	603.2174332	588.2091394	584.641185	1058.807856	1191.168071	1095.418617
Mrpl30	321.9571308	295.0849183	316.4571552	476.3026219	535.3687377	499.0589116
Rps9	3743.203832	3666.503636	3756.364311	7813.937608	8356.788496	7173.05639
Mrpl41	189.0141582	236.2640043	186.8348741	258.5336304	243.050838	202.971549
Mrpl10	517.3019068	516.6436941	501.5041357	771.3098765	841.9193441	730.2790782
Pelo	138.3692163	122.5435707	151.9709502	174.8588454	160.9390684	148.5668039
Rpl18a	2979.912208	3045.942994	2971.47905	6053.548864	6400.338733	5725.053175
Ddx54	810.3190707	877.4119663	899.3104466	881.8035028	870.3847576	913.3719703
Rpusd4	71.44554307	67.64405103	81.34915571	113.7118872	112.7668302	138.1043529
Ddx28	132.9429725	112.7400851	99.22809103	165.2040626	159.8442448	170.5379509
Btf3	2448.140318	2384.207712	2346.610261	4174.084464	4562.129918	4221.598969
Exosc10	451.2826075	479.3904486	512.2314969	430.1742149	426.9812018	469.7640489
2410016O06Rik	112.1423714	82.34927952	108.1675587	243.5150792	222.2491897	236.4513921
Rrp1	2199.437478	2163.629284	2186.59379	2234.545859	2475.396147	2257.796921
1700009N14Rik	0.904373963	0	0	0	0	0
Isg15	0	0.980348566	0	0	2.189647189	0
Cks1b	604.1218072	593.1108822	611.459588	614.6878432	722.5835723	720.8628724
Eral1	184.4922884	170.5806504	175.2135661	239.2240646	248.5249559	218.6652254
Rpl22	1091.579373	1059.756799	1087.933214	2142.289045	2212.638484	2133.293754
Mrps27	134.7517205	135.2881021	137.667802	201.6776868	216.7750717	199.8328137
Rrp36	368.9845769	366.6503636	362.942387	268.1884132	294.5075469	286.6711568
Gtpbp2	317.435261	381.355592	347.745292	424.8104466	431.3604962	412.2205685
Papd5	492.8838098	469.586963	476.4736263	468.7933464	525.5153253	508.4751175
Eri3	245.0853439	245.0871414	222.5927447	261.7518913	225.5336605	227.0351862
Fastkd2	231.5197345	212.7356387	244.0474671	236.0058037	245.2404852	209.2490196
Rps25	2018.562685	2035.203622	1930.925015	4786.6268	4686.939808	4605.57092
Ddx21	1296.872263	1283.276272	1355.223297	2267.801222	2151.328363	2261.981901
Exosc2	297.5390338	292.1438726	264.6082427	411.9374028	420.4122603	461.3940881
Malsu1	136.5604684	129.4060107	115.3191328	223.1327598	258.3783683	227.0351862
Skiv2l2	874.5296221	822.5124466	883.2194048	1109.227277	1136.426891	1149.823362
Mrpl22	198.0578979	169.6003019	210.07749	349.7176909	356.9124918	313.8735293
Rps19	2801.750537	2806.737943	2807.886792	5579.391749	5779.573755	5352.58992
Mrpl42	326.4790006	320.573981	325.3966228	496.6849413	455.4466153	425.8217548
Rpl10a	2292.587996	2268.526581	2293.867402	4840.264482	4891.67182	4476.882773
Mettl5	297.5390338	314.6918896	302.1540069	470.9388537	457.6362625	444.6541665
Nop14	530.8675162	529.3882255	485.413094	709.0901646	709.4456892	719.8166273
Ftsj3	802.1797051	779.3771097	699.066371	1021.261478	1083.875359	1139.360911
Rpl7	6142.507956	6084.043198	5928.654952	9504.597366	9689.188811	9214.280576
Utp20	1106.953731	1144.066776	1147.827648	1145.700901	1063.07371	1192.719411
Ythdf1	750.6303892	728.3989843	740.1879223	995.51539	955.780998	962.5454899
Ddx10	231.5197345	236.2640043	227.0624786	423.7376929	395.2313176	432.0992254
Rpl12	4627.681568	4709.594509	4500.12802	8506.936468	9004.924064	8131.4169
Rpl27	2487.028398	2476.360477	2423.489683	4466.946211	4782.189461	4420.385538
Rpl30	483.8400701	525.4668312	535.4741129	1030.916261	1005.04806	967.7767154
Rpl32	2802.654911	2876.342692	2978.630624	5480.698413	5699.651633	5387.116008
Mrpl46	213.4322552	188.2269246	207.3956497	267.1156596	237.57672	247.9600882
Rpl37a	2432.76596	2453.81246	2329.625272	3729.964451	3842.830817	3381.464156
Rpl37	1201.008623	1158.772005	1068.266385	2399.749922	2419.560144	2342.542774
Eri1	443.1432418	378.4145463	404.0639382	592.1600165	602.1529769	577.527294
Rpl24	0	2.941045697	5.363680596	1.072753653	0	4.184980391
Znhit3	80.4892827	68.6243996	67.93995422	114.7846409	86.49106396	93.1158137
Nol9	245.9897179	262.7334156	265.5021895	466.6478391	483.9120287	495.9201763
Rpl9-ps6	24.418097	35.29254836	19.66682885	45.05565343	66.78423926	43.94229411
Rrp1b	421.4382667	381.355592	393.3365771	710.1629183	637.187332	757.4814508
Gtpbp10	288.4952942	281.3600383	285.1690184	273.5521815	303.2661357	336.8909215
Rps3	5614.353562	5757.587126	5512.969706	11069.74495	12260.92943	10823.40554
Ddx18	450.3782335	430.3730203	455.9128507	691.9261062	649.2303915	673.781843
Naa16	93.15051818	78.42788525	74.19758158	216.6962379	183.9303639	212.3877548
Riok3	648.4361314	618.5999449	626.656683	550.322624	583.5409758	580.6660293
Oraov1	1402.684016	1327.391958	1430.314826	328.2626178	327.3522547	335.8446764
Mrpl50	334.6183663	344.1023465	278.911391	500.975956	474.0586164	501.1514018
Prmt3	510.971289	465.6655687	516.7012308	567.4866824	601.0581534	560.7873724
Utp3	518.2062807	436.2551117	449.6552233	613.6150895	675.5061578	690.5217645
Rrs1	360.8452112	439.1961574	422.8368203	595.3782774	601.0581534	523.1225489
Rpl36	1564.566956	1566.597008	1471.436377	3510.049953	3607.443744	3171.168891
Gnl2	292.11279	285.2814326	278.0174442	437.6834904	466.3948512	439.4229411
Rpl26	2440.905326	2577.336379	2375.216557	4788.772307	5033.998887	4595.108469
Nmd3	399.7332916	386.2573349	374.563695	557.8318996	506.9033242	528.3537744
Nop56	839.2590376	885.2547548	842.9918004	1817.244688	1855.725993	1822.55896
Surf6	221.5716209	209.7945931	224.3806383	258.5336304	264.9473099	272.0237254
Ptcd3	436.8126241	454.8817345	415.6852462	938.6594464	928.4104081	888.262088
Mettl17	56.0711857	38.23359406	58.10653979	34.3281169	39.4136494	42.89604901
Kat2b	958.6364007	912.7045146	908.2499143	490.2484194	504.713677	621.4695881
Rplp0	11886.18699	11707.32257	11938.65906	24832.10156	26629.39429	22968.21863
Nhp2	753.3435111	719.5758472	720.5210934	1888.046429	1950.975645	1718.980696
Mrpl12	1073.491894	1086.226211	1005.690112	1627.367292	1796.605518	1551.58148
Gar1	150.1260778	154.8950734	180.5772467	317.5350813	291.2230761	318.0585097
Mrto4	225.1891168	214.6963359	202.0319691	445.192766	420.4122603	383.9719509
Fcf1	171.8310529	198.0304103	200.2440756	219.9144989	263.8524863	202.971549
Rnmtl1	69.63679514	55.87986824	50.0610189	96.54782877	73.35318083	80.56087253
Gm2000	76.87178685	59.80126251	65.25811392	128.7304384	130.2840077	101.4857745
Rpl10	5176.636564	5054.677205	4997.162422	9399.467508	9318.043612	9127.442233
Rpp25	0.904373963	0	0.893946766	0	0	2.092490196
Rrp7a	842.8765334	885.2547548	894.8407128	1159.646699	1140.806185	1049.383833
Mrps10	230.6153605	232.3426101	241.3656268	346.4994299	416.0329659	307.5960587
Eif2ak2	565.2337268	620.5606421	593.5806526	399.0643589	403.9899064	404.8968528
Mrps5	293.017164	279.3993412	313.7753149	461.2840708	517.8515602	495.9201763
Eftud1	269.5034409	296.0652668	258.3506154	285.3524717	339.3953143	350.4921077
Gm11361	171.8310529	154.8950734	138.5617487	288.5707327	319.6884896	311.7810391
Letm1	974.010758	990.1520513	905.568074	951.5324902	996.289471	1027.412686
Gtpbp6	219.762873	183.3251818	212.7593303	182.368121	192.6889526	167.3992156
Abt1	92.24614421	104.8972965	103.6978249	148.0400041	149.9908324	124.5031666
Ran	4009.089777	3879.239274	3810.001117	6199.443361	6412.381793	5768.995469
Letmd1	133.8473465	148.0326334	143.0314826	126.5849311	137.9477729	120.3181862
Mrpl28	293.9215379	278.4189926	286.0629651	495.6121877	506.9033242	500.1051567
Tcof1	747.0128933	743.1042128	755.3850173	999.8064046	940.4534676	989.7478625
Ict1	236.9459783	247.0478385	269.9719233	260.6791377	295.6023705	309.6885489
Mrps18a	348.1839757	352.9254836	320.0329422	352.9359518	371.1451985	286.6711568
Nufip2	668.3323586	693.1064359	691.0208501	576.0687117	510.187795	508.4751175
Traf7	497.4056796	436.2551117	495.2465084	561.0501605	516.7567366	551.3711665
Nsun5	166.4048092	168.6199533	167.1680452	290.71624	293.4127233	269.9312352
Utp4	349.0883497	380.3752435	359.3665999	629.7063943	559.4548568	641.3482449
Ngdn	127.5167288	113.7204336	110.849399	115.8573945	131.3788313	117.1794509
Utp6	676.4717242	696.0474816	682.9753293	805.6379934	864.9106396	863.1522056
Eif2ak3	269.5034409	241.1657472	254.7748283	161.9858016	169.6976571	197.7403235
Larp1	2965.442224	2913.595937	3075.176875	4613.913462	4535.854152	4730.074087
Mrps35	181.7791665	192.1483189	191.3046079	408.7191418	406.1795535	389.2031764
Mrps18c	160.9785654	167.6396047	166.2740985	183.4408747	155.4649504	171.584196
Rbfa	243.276596	270.5762041	235.1079995	337.9174007	342.6797851	351.5383528
C1d	415.107649	419.5891861	410.3215656	369.0272566	390.8520232	354.6770881
Wdr74	297.5390338	292.1438726	269.9719233	465.5750854	451.0673209	392.3419117
Rrp12	725.3079182	703.8902701	706.2179452	696.2171208	744.4800442	743.8802645
Rplp1	5812.411459	6059.534484	5902.730496	11292.87771	12228.08473	11265.96721
Zc3h12a	59.68868155	52.93882255	50.0610189	36.4736242	41.60329659	41.84980391
Mrpl3	300.2521557	295.0849183	278.0174442	522.431029	454.3517917	515.7988332
Pes1	941.4532954	969.5647314	1027.144834	1597.330189	1584.209741	1525.425353
Pdcd11	867.2946304	965.6433372	884.1133516	1264.776557	1152.849245	1197.950637
Tbl3	198.0578979	194.109016	227.0624786	352.9359518	384.2830817	397.5731371
Mrps2	387.0720561	381.355592	353.1089726	503.1214633	469.679322	493.8276861
Impact	340.04461	318.6132838	302.1540069	135.1669603	143.4218909	153.7980294
Mrps33	177.2572967	161.7575133	185.9409273	184.5136283	189.4044818	154.8442745
Fam207a	436.8126241	494.0956771	489.8828278	543.8861021	602.1529769	535.6774901
Lsm6	308.3915213	303.9080554	295.8963796	343.281169	359.102139	332.7059411
B630005N14Rik	671.0454805	648.0104019	631.1264168	695.1443671	678.7906286	676.9205782
Rpusd3	29.84434078	49.01742828	42.90944477	42.91014612	51.45670894	38.71106862
Rpl34	690.0373337	660.7549333	707.1118919	1364.542647	1440.78785	1180.16447
Hspa5	5559.18675	5407.602688	5517.43944	5696.321897	5857.30623	5731.330646
Pwp1	247.7984658	269.5958556	252.092988	400.1371126	420.4122603	411.1743234
Rps3a1	5201.054661	5246.825523	5137.512064	10251.23391	10567.23733	10170.5486
Pttg1	138.3692163	158.8164676	137.667802	211.3324696	241.9560144	176.8154215
Taco1	110.3336235	118.6221764	136.7738552	152.3310187	137.9477729	128.688147
Srp68	1004.759473	1017.601811	1003.008271	1500.782361	1502.097972	1594.477529
Rrbp1	2457.184057	2533.220694	2618.370078	2384.731371	2307.888137	2469.138431
2810006K23Rik	132.9429725	134.3077535	162.6983114	139.4579749	169.6976571	159.0292549
Nol6	504.6406713	480.3707972	450.5491701	425.8832002	439.0242614	464.5328234
Rpl14	4580.654122	4471.369808	4471.521724	8121.817907	8364.452262	8060.272233
Rps10	1593.506923	1604.830602	1587.649456	3320.172556	3389.573848	3132.457823
Rpl23	4589.697862	4606.65791	4610.977419	7503.911803	7594.791275	7580.045733
Heatr1	358.1320893	386.2573349	398.7002577	667.2527722	573.6875635	574.3885587
Pop5	155.5523216	136.2684506	130.5162278	163.0585553	172.9821279	162.1679902
Mphosph10	229.7109866	224.4998215	219.0169577	348.6449372	335.0160199	348.3996176
Rps8	3169.83074	3218.484341	3198.541529	5812.179292	5995.254003	5622.521155
Rps6	2090.008228	2121.474296	2105.244634	4463.72795	4590.595332	4376.443244
Ftsj2	61.49742948	67.64405103	50.0610189	48.27391438	53.64635613	60.68221567
Rps24	3046.835881	3015.552188	3003.661134	6093.240749	6287.571903	6133.088763
Rps18	2188.58499	2195.000439	2083.789912	4198.757798	4357.397906	3967.361411
Rps16	2850.586731	2801.836201	2640.718747	5887.272048	6123.348364	5419.549606
Rps12	2961.824728	2973.3972	2956.281955	6601.725981	7209.413369	6495.089567
Bms1	577.8949623	596.0519279	649.8992989	827.0930665	863.815816	888.262088
Gnb2l1	7300.106628	7203.60126	7119.392045	16107.3961	16889.84359	14927.82505
Rpl28	3272.024998	3277.305255	3275.420951	6187.64307	6563.467449	5981.383224
Nifk	366.271455	381.355592	362.0484402	659.7434966	625.1442724	637.1632645
Rps27l	1278.784784	1384.252175	1295.328864	2125.124987	2030.897768	2080.981499
Nol8	295.7302859	333.3185123	308.4116343	333.6263861	285.7489582	330.6134509
Rpl36a	1399.970895	1423.466117	1336.450415	3222.551974	3076.4543	2974.474813
Mrpl57	196.2491499	180.3841361	185.9409273	325.0443569	291.2230761	277.2549509
Bysl	394.3070478	398.0215177	428.2005009	556.7591459	568.2134455	538.8162253
Wdr18	363.5583331	377.4341978	370.0939611	531.0130582	474.0586164	446.7466567
Oxa1l	366.271455	365.670015	387.0789497	422.6649393	472.9637928	455.1166175
Ebna1bp2	331.9052444	281.3600383	273.5477104	479.5208829	498.1447355	465.5790685
Zfp598	349.0883497	359.7879236	386.1850029	477.3753756	457.6362625	494.8739312
Mrpl23	176.3529228	177.4430904	186.8348741	225.2782671	267.136957	257.376294
Mettl16	705.411691	719.5758472	751.8092302	895.7493003	876.9536992	899.7707841
Nvl	301.1565296	284.301084	262.8203492	541.7405948	553.9807388	569.1573332
Dnajc1	715.3598046	682.3226017	682.0813825	747.7092961	736.8162791	818.1636664
Rpp38	70.5411691	79.40823382	81.34915571	113.7118872	88.68071115	101.4857745
Gm14214	0	0	0	1.072753653	0	0
Wibg	174.5441748	191.1679703	179.6833	195.2411648	224.4388369	190.4166078
Ddx52	504.6406713	473.5083572	438.9278621	675.8348014	642.6614499	636.1170194
Ythdf3	1444.285219	1522.481322	1475.906111	1303.395688	1214.159366	1304.667637
Utp18	511.875663	520.5650884	494.3525616	680.125816	657.9889803	611.0071371
Imp4	529.0587683	476.4494029	596.2624929	788.473935	811.2642835	807.7012155
Mtg2	110.3336235	116.6614793	126.046494	94.40232146	96.34447631	87.88458821
Mrps31	120.2817371	95.09381087	91.18257014	122.2939164	157.6545976	118.225696
Cdkn2a	298.4434078	304.8884039	316.4571552	583.5779872	620.7649781	582.7585195
Npm1	5844.968922	5948.755096	5661.364869	17947.16861	18341.57968	18314.52044
Mybbp1a	2564.804559	2519.495814	2544.172496	4730.84361	4522.716269	4725.889107
Nemf	497.4056796	506.8402084	526.5346452	679.0530623	678.7906286	682.1518037
Mrpl47	286.6865462	303.9080554	303.9419005	453.7747952	419.3174367	378.7407254
Rpl15	2530.438348	2546.945574	2487.85385	4400.435485	4457.026853	4250.893832
Rpl35	3006.139053	2997.905914	2874.9328	5481.771167	5986.495414	5273.075293
Canx	8190.914982	8189.831918	8200.173685	7798.919057	7521.438094	7809.17341
Nup88	998.428855	1006.817977	996.7506441	1556.565551	1486.770441	1487.760529
Rpl5	3919.556755	4158.638616	3988.79047	8839.490101	8864.786644	8510.157625
Tfb2m	198.9622718	205.8731988	212.7593303	232.7875427	262.7576627	259.4687842
Frg1	211.6235073	171.560999	170.7438323	220.9872525	236.4818964	233.3126568
Larp4b	1512.113266	1494.051214	1550.103692	1160.719453	1202.116307	1218.875539
Nhp2l1	553.4768653	545.0738025	546.201474	911.840605	985.341235	892.4470684
Dimt1	104.0030057	97.054508	107.2736119	160.9130479	166.4131864	192.509098
Eif2s1	1211.86111	1200.926993	1202.3584	1620.93077	1585.304565	1646.789784
Eri2	160.0741914	130.3863592	164.486205	173.7860918	156.559774	187.2778725
Urb2	296.6346598	252.9299299	248.517201	365.8089957	358.0073154	380.8332156
Eif5a	5821.455199	5747.78364	5496.878664	13867.48647	14619.17946	13082.2487
Gltscr2	730.734162	794.0823382	758.0668576	1485.763809	1636.761274	1448.003215
Nop58	860.9640127	877.4119663	810.8097168	1241.175977	1354.296786	1235.61546
Rrn3	968.5845142	942.1149716	938.6441043	993.3698827	964.5395867	983.4703919
Mrpl40	334.6183663	296.0652668	317.3511019	352.9359518	340.4901379	318.0585097
Rpusd2	88.62864836	91.17241661	92.0765169	138.3852212	151.085656	167.3992156
Hspa14	764.1959986	739.1828185	737.506082	902.1858222	922.9362901	925.9269115
Ppargc1a	7.234991703	10.78383422	8.045520894	0	1.094823594	1.046245098
Exosc8	275.8340587	254.8906271	265.5021895	420.519432	507.9981478	462.4403332
Helb	126.6123548	147.0522848	137.667802	268.1884132	304.3609593	283.5324215
Rpl9	2956.398485	2932.22256	3002.767187	6522.34221	6536.096859	5759.579263
Srp19	238.7547262	217.6373816	216.3351174	297.1527619	301.0764885	270.9774803
Rsl1d1	1040.030057	1032.30704	989.59907	2121.906726	2099.871654	1978.44948
Eif2ak4	419.6295188	371.5521064	405.8518318	565.3411751	550.696268	539.8624704
Diexf	96.76801403	105.8776451	94.7583572	158.7675406	159.8442448	183.0928921
Ddx56	491.9794358	458.8031287	515.807284	717.6721939	781.7040464	705.1691959
Mrps6	491.0750618	413.7070947	454.1249571	661.8890039	664.5579218	653.9031861
Pih1d1	295.7302859	297.0456154	269.0779766	283.2069644	333.9211963	320.1509999
Mrpl52	171.8310529	185.2858789	162.6983114	182.368121	205.8268358	192.509098
Mrpl19	271.3121889	273.5172498	242.2595736	348.6449372	325.1626076	344.2146372
Rictor	355.4189674	380.3752435	366.5181741	585.7234945	489.3861467	602.6371763
Mrpl38	666.5236106	645.0693562	569.44409	971.9148096	984.2464114	916.5107056
Mrpl37	288.4952942	265.6744613	257.4566686	317.5350813	361.2917862	331.659696
Nob1	198.0578979	208.8142445	202.0319691	424.8104466	429.170849	374.555745
Mrps30	270.4078149	298.025964	281.5932313	657.5979893	641.5666264	569.1573332
Cpeb4	432.2907543	430.3730203	463.0644248	178.0771064	191.594129	196.6940784
